Time,temperature
10:52:57,0.00
10:52:58,33.20
10:52:59,33.69
10:53:0,34.66
10:53:1,32.22
10:53:2,32.71
10:53:3,33.20
10:53:4,32.71
10:53:5,33.20
10:53:6,33.69
10:53:7,33.20
10:53:8,32.22
10:53:9,33.20
10:53:10,33.20
10:53:11,33.69
10:53:12,32.22
10:53:13,33.20
10:53:14,32.71
10:53:15,33.20
10:53:16,33.20
10:53:17,33.69
10:53:18,32.71
10:53:19,32.71
10:53:20,33.20
10:53:21,33.20
10:53:22,32.22
10:53:23,32.71
10:53:24,33.20
10:53:25,32.22
10:53:26,33.69
10:53:27,32.71
10:53:28,33.20
10:53:29,32.71
10:53:30,32.71
10:53:31,33.20
10:53:32,32.71
10:53:33,33.20
10:53:34,32.71
10:53:35,32.71
10:53:36,33.20
10:53:37,33.20
10:53:38,33.20
10:53:39,32.71
10:53:40,33.69
10:53:41,33.20
10:53:42,33.20
10:53:43,33.69
10:53:44,33.20
10:53:45,32.22
10:53:46,32.71
10:53:47,32.71
10:53:48,33.20
10:53:49,32.71
10:53:50,32.71
10:53:51,32.71
10:53:52,33.20
10:53:53,33.20
10:53:54,33.20
10:53:55,32.71
10:53:56,33.69
10:53:57,33.69
10:53:58,32.71
10:53:59,32.22
10:54:0,34.66
10:54:1,33.69
10:54:2,33.20
10:54:3,33.69
10:54:4,33.20
10:54:5,32.71
10:54:6,33.20
10:54:7,33.69
10:54:8,32.22
10:54:9,32.71
10:54:10,32.71
10:54:11,31.73
10:54:12,33.20
10:54:13,32.71
10:54:14,32.71
10:54:15,33.20
10:54:16,32.22
10:54:17,33.69
10:54:18,33.69
10:54:19,32.71
10:54:20,32.71
10:54:21,33.20
10:54:22,33.20
10:54:23,32.71
10:54:24,33.20
10:54:25,33.20
10:54:26,33.20
10:54:27,33.20
10:54:28,32.71
10:54:29,32.22
10:54:30,33.20
10:54:31,33.20
10:54:32,32.71
10:54:33,34.66
10:54:34,33.20
10:54:35,33.69
10:54:36,32.71
10:54:37,33.20
10:54:38,33.69
10:54:39,31.73
10:54:40,32.22
10:54:41,32.22
10:54:42,33.20
10:54:43,33.20
10:54:44,32.22
10:54:45,34.17
10:54:46,32.71
10:54:47,33.20
10:54:48,32.71
10:54:49,32.71
10:54:51,33.20
10:54:52,31.73
10:54:53,33.20
10:54:54,34.17
10:54:55,33.20
10:54:56,32.71
10:54:57,31.73
10:54:58,33.69
10:54:59,32.71
10:55:0,32.71
10:55:1,32.22
10:55:2,34.17
10:55:3,33.69
10:55:4,33.69
10:55:5,33.20
10:55:6,33.69
10:55:7,33.69
10:55:8,33.69
10:55:9,33.69
10:55:10,33.69
10:55:11,33.20
10:55:12,33.20
10:55:13,33.20
10:55:14,33.20
10:55:15,33.20
10:55:16,32.71
10:55:17,33.20
10:55:18,33.20
10:55:19,33.20
10:55:20,32.71
10:55:21,32.71
10:55:22,32.71
10:55:23,33.20
10:55:24,33.69
10:55:25,33.69
10:55:26,33.69
10:55:27,33.20
10:55:28,33.69
10:55:29,32.71
10:55:30,33.20
10:55:31,33.69
10:55:32,33.69
10:55:33,31.73
10:55:34,33.20
10:55:35,33.20
10:55:36,32.71
10:55:37,32.71
10:55:38,32.71
10:55:39,33.20
10:55:40,33.20
10:55:41,32.71
10:55:42,33.20
10:55:43,32.71
10:55:44,33.20
10:55:45,32.71
10:55:46,33.69
10:55:47,33.20
10:55:48,32.71
10:55:49,33.69
10:55:50,33.69
10:55:51,32.71
10:55:52,34.17
10:55:53,33.20
10:55:54,33.20
10:55:55,32.71
10:55:56,33.69
10:55:57,32.71
10:55:58,32.71
10:55:59,33.20
10:56:0,33.20
10:56:1,33.69
10:56:2,32.71
10:56:3,32.22
10:56:4,32.71
10:56:5,33.69
10:56:6,33.69
10:56:7,33.20
10:56:8,33.69
10:56:9,33.20
10:56:10,34.17
10:56:11,33.69
10:56:12,33.69
10:56:13,33.20
10:56:14,32.71
10:56:15,33.69
10:56:16,33.20
10:56:17,33.69
10:56:18,32.22
10:56:19,33.20
10:56:20,33.20
10:56:21,32.71
10:56:22,33.69
10:56:23,33.69
10:56:24,32.22
10:56:25,33.20
10:56:26,32.71
10:56:27,33.20
10:56:28,32.71
10:56:29,33.20
10:56:30,32.71
10:56:31,33.20
10:56:32,33.20
10:56:33,33.69
10:56:34,33.20
10:56:35,33.20
10:56:36,34.17
10:56:37,32.71
10:56:38,33.69
10:56:39,34.17
10:56:40,32.22
10:56:41,32.71
10:56:42,33.20
10:56:43,33.69
10:56:44,32.71
10:56:45,33.69
10:56:46,33.20
10:56:47,33.69
10:56:48,33.69
10:56:49,32.71
10:56:50,32.71
10:56:51,33.69
10:56:52,33.20
10:56:53,33.69
10:56:54,33.69
10:56:55,33.20
10:56:56,32.71
10:56:57,32.71
10:56:58,33.20
10:56:59,33.20
10:57:0,32.71
10:57:1,33.20
10:57:2,31.73
10:57:3,33.20
10:57:4,32.22
10:57:5,32.22
10:57:7,32.22
10:57:8,33.69
10:57:9,32.71
10:57:10,32.22
10:57:11,32.71
10:57:12,33.69
10:57:13,33.20
10:57:14,32.71
10:57:15,33.69
10:57:16,33.20
10:57:17,32.71
10:57:18,32.22
10:57:19,32.71
10:57:20,32.71
10:57:21,32.22
10:57:22,33.69
10:57:23,33.20
10:57:24,33.69
10:57:25,33.69
10:57:26,33.20
10:57:27,32.71
10:57:28,33.20
10:57:29,33.20
10:57:30,32.71
10:57:31,32.71
10:57:32,32.22
10:57:33,33.20
10:57:34,32.22
10:57:35,33.69
10:57:36,32.22
10:57:37,33.69
10:57:38,32.71
10:57:39,32.22
10:57:40,33.69
10:57:41,32.71
10:57:42,34.66
10:57:43,32.71
10:57:44,33.20
10:57:45,32.71
10:57:46,32.22
10:57:47,32.22
10:57:48,32.22
10:57:49,33.69
10:57:50,34.17
10:57:51,33.20
10:57:52,32.71
10:57:53,33.20
10:57:54,33.69
10:57:55,33.20
10:57:56,33.20
10:57:57,32.71
10:57:58,32.71
10:57:59,32.71
10:58:0,33.20
10:58:1,32.71
10:58:2,34.17
10:58:3,33.69
10:58:4,33.69
10:58:5,33.20
10:58:6,32.71
10:58:7,33.20
10:58:8,33.69
10:58:9,32.22
10:58:10,32.71
10:58:11,33.20
10:58:12,33.69
10:58:13,33.20
10:58:14,32.71
10:58:15,33.20
10:58:16,33.20
10:58:17,33.20
10:58:18,33.69
10:58:19,33.69
10:58:20,32.71
10:58:21,33.69
10:58:22,33.20
10:58:23,33.20
10:58:24,33.20
10:58:25,32.71
10:58:26,32.71
10:58:27,32.71
10:58:28,33.20
10:58:29,32.22
10:58:30,32.22
10:58:31,32.71
10:58:32,33.20
10:58:33,31.73
10:58:34,35.15
10:58:35,33.20
10:58:36,34.17
10:58:37,32.71
10:58:38,33.20
10:58:39,33.69
10:58:40,32.71
10:58:41,33.20
10:58:42,34.66
10:58:43,33.69
10:58:44,32.71
10:58:45,32.71
10:58:46,33.69
10:58:47,33.69
10:58:48,32.71
10:58:49,33.20
10:58:50,32.71
10:58:51,33.69
10:58:52,32.71
10:58:53,33.20
10:58:54,32.71
10:58:55,33.20
10:58:56,33.20
10:58:57,33.69
10:58:58,33.69
10:58:59,32.71
10:59:0,33.69
10:59:1,33.69
10:59:2,33.20
10:59:3,33.20
10:59:4,33.69
10:59:5,32.71
10:59:6,32.22
10:59:7,33.69
10:59:8,33.20
10:59:9,34.17
10:59:10,32.71
10:59:11,32.22
10:59:12,34.17
10:59:13,32.71
10:59:14,33.20
10:59:15,33.20
10:59:16,33.20
10:59:17,32.22
10:59:18,32.71
10:59:19,33.20
10:59:20,32.71
10:59:22,32.71
10:59:23,33.69
10:59:24,32.71
10:59:25,33.20
10:59:26,33.20
10:59:27,32.71
10:59:28,33.20
10:59:29,33.20
10:59:30,33.20
10:59:31,33.20
10:59:32,33.69
10:59:33,32.71
10:59:34,33.69
10:59:35,32.71
10:59:36,33.69
10:59:37,33.69
10:59:38,32.22
10:59:39,32.22
10:59:40,32.22
10:59:41,33.20
10:59:42,32.71
10:59:43,33.20
10:59:44,33.20
10:59:45,33.69
10:59:46,32.71
10:59:47,33.69
10:59:48,33.20
10:59:49,32.22
10:59:50,33.69
10:59:51,33.69
10:59:52,33.20
10:59:53,32.71
10:59:54,33.20
10:59:55,32.22
10:59:56,32.22
10:59:57,31.73
10:59:58,32.71
10:59:59,33.69
11:0:0,32.22
11:0:1,32.71
11:0:2,33.20
11:0:3,33.69
11:0:4,32.71
11:0:5,32.71
11:0:6,32.71
11:0:7,32.71
11:0:8,33.20
11:0:9,33.20
11:0:10,33.69
11:0:11,33.20
11:0:12,32.22
11:0:13,33.69
11:0:14,33.20
11:0:15,33.69
11:0:16,33.69
11:0:17,33.20
11:0:18,32.71
11:0:19,33.20
11:0:20,33.69
11:0:21,32.71
11:0:22,33.69
11:0:23,33.69
11:0:24,32.22
11:0:25,33.69
11:0:26,32.71
11:0:27,33.20
11:0:28,33.20
11:0:29,31.73
11:0:30,31.73
11:0:31,33.20
11:0:32,33.20
11:0:33,32.22
11:0:34,32.71
11:0:35,32.22
11:0:36,32.22
11:0:37,32.71
11:0:38,33.20
11:0:39,33.20
11:0:40,32.22
11:0:41,33.69
11:0:42,32.71
11:0:43,32.22
11:0:44,33.20
11:0:45,32.22
11:0:46,32.71
11:0:47,32.71
11:0:48,32.22
11:0:49,33.20
11:0:50,33.20
11:0:51,32.22
11:0:52,31.73
11:0:53,33.20
11:0:54,33.69
11:0:55,32.22
11:0:56,32.22
11:0:57,32.22
11:0:58,32.71
11:0:59,33.20
11:1:0,33.20
11:1:1,32.71
11:1:2,32.22
11:1:3,31.73
11:1:4,32.22
11:1:5,32.71
11:1:6,32.22
11:1:7,31.25
11:1:8,34.17
11:1:9,33.20
11:1:10,32.71
11:1:11,33.20
11:1:12,31.73
11:1:13,32.71
11:1:14,32.71
11:1:15,33.20
11:1:16,33.20
11:1:17,34.66
11:1:18,33.20
11:1:19,32.22
11:1:20,33.20
11:1:21,31.73
11:1:22,33.20
11:1:23,32.22
11:1:24,31.73
11:1:25,32.71
11:1:26,33.20
11:1:27,31.73
11:1:28,33.20
11:1:29,32.22
11:1:30,32.22
11:1:31,32.22
11:1:32,32.22
11:1:33,33.20
11:1:34,33.20
11:1:36,32.22
11:1:37,33.20
11:1:38,32.22
11:1:39,32.71
11:1:40,32.71
11:1:41,31.73
11:1:42,32.71
11:1:43,33.20
11:1:44,32.71
11:1:45,31.73
11:1:46,31.73
11:1:47,31.73
11:1:48,33.20
11:1:49,32.22
11:1:50,32.22
11:1:51,33.69
11:1:52,32.71
11:1:53,31.73
11:1:54,32.71
11:1:55,32.22
11:1:56,32.71
11:1:57,32.71
11:1:58,32.22
11:1:59,32.22
11:2:0,32.71
11:2:1,32.71
11:2:2,32.71
11:2:3,32.71
11:2:4,32.22
11:2:5,32.22
11:2:6,31.25
11:2:7,31.73
11:2:8,31.73
11:2:9,32.22
11:2:10,31.73
11:2:11,31.73
11:2:12,31.73
11:2:13,31.73
11:2:14,31.73
11:2:15,31.73
11:2:16,31.73
11:2:17,31.25
11:2:18,31.25
11:2:19,31.25
11:2:20,31.73
11:2:21,32.22
11:2:22,31.73
11:2:23,31.25
11:2:24,31.25
11:2:25,32.22
11:2:26,32.22
11:2:27,31.73
11:2:28,32.22
11:2:29,31.25
11:2:30,32.22
11:2:31,31.73
11:2:32,31.73
11:2:33,31.25
11:2:34,29.78
11:2:35,31.25
11:2:36,31.25
11:2:37,30.27
11:2:38,32.22
11:2:39,30.76
11:2:40,31.25
11:2:41,30.76
11:2:42,31.25
11:2:43,33.20
11:2:44,31.25
11:2:45,31.73
11:2:46,31.73
11:2:47,32.22
11:2:48,31.25
11:2:49,30.76
11:2:50,32.22
11:2:51,31.73
11:2:52,30.76
11:2:53,29.78
11:2:54,31.25
11:2:55,32.22
11:2:56,31.25
11:2:57,33.20
11:2:58,31.25
11:2:59,31.25
11:3:0,31.73
11:3:1,31.73
11:3:2,32.71
11:3:3,30.76
11:3:4,31.25
11:3:5,31.25
11:3:6,31.73
11:3:7,30.76
11:3:8,31.25
11:3:9,31.25
11:3:10,32.22
11:3:11,30.76
11:3:12,30.76
11:3:13,30.27
11:3:14,32.22
11:3:15,31.73
11:3:16,31.25
11:3:17,30.27
11:3:18,30.76
11:3:19,31.25
11:3:20,29.78
11:3:21,31.73
11:3:22,30.76
11:3:23,30.76
11:3:24,31.73
11:3:25,30.76
11:3:26,30.27
11:3:27,30.27
11:3:28,30.76
11:3:29,30.76
11:3:30,30.27
11:3:31,30.76
11:3:32,30.76
11:3:33,31.25
11:3:34,32.22
11:3:35,31.25
11:3:36,31.25
11:3:37,30.76
11:3:38,30.76
11:3:39,31.25
11:3:40,31.73
11:3:41,30.27
11:3:42,31.73
11:3:43,30.76
11:3:44,29.78
11:3:45,30.27
11:3:46,30.27
11:3:47,30.76
11:3:48,30.76
11:3:49,30.27
11:3:51,29.78
11:3:52,29.78
11:3:53,31.73
11:3:54,31.73
11:3:55,30.76
11:3:56,30.27
11:3:57,31.25
11:3:58,30.27
11:3:59,32.22
11:4:0,30.76
11:4:1,31.25
11:4:2,30.76
11:4:3,29.78
11:4:4,30.76
11:4:5,29.78
11:4:6,30.27
11:4:7,30.76
11:4:8,30.76
11:4:9,29.78
11:4:10,30.76
11:4:11,30.27
11:4:12,30.27
11:4:13,29.78
11:4:14,29.78
11:4:15,30.76
11:4:16,30.27
11:4:17,30.76
11:4:18,30.76
11:4:19,29.78
11:4:20,30.76
11:4:21,30.27
11:4:22,30.27
11:4:23,31.25
11:4:24,30.27
11:4:25,30.76
11:4:26,30.27
11:4:27,29.29
11:4:28,30.27
11:4:29,30.76
11:4:30,30.76
11:4:31,29.29
11:4:32,30.27
11:4:33,29.29
11:4:34,30.27
11:4:35,29.78
11:4:36,29.78
11:4:37,29.29
11:4:38,30.76
11:4:39,30.76
11:4:40,29.78
11:4:41,30.76
11:4:42,30.27
11:4:43,30.27
11:4:44,29.78
11:4:45,29.78
11:4:46,29.29
11:4:47,29.29
11:4:48,29.78
11:4:49,30.76
11:4:50,29.29
11:4:51,30.76
11:4:52,30.27
11:4:53,29.78
11:4:54,30.76
11:4:55,29.78
11:4:56,30.76
11:4:57,29.78
11:4:58,29.78
11:4:59,30.27
11:5:0,30.27
11:5:1,30.27
11:5:2,30.76
11:5:3,30.27
11:5:4,29.78
11:5:5,29.29
11:5:6,30.76
11:5:7,28.80
11:5:8,29.78
11:5:9,30.27
11:5:10,29.29
11:5:11,29.29
11:5:12,29.29
11:5:13,30.27
11:5:14,29.29
11:5:15,30.76
11:5:16,30.76
11:5:17,29.78
11:5:18,29.78
11:5:19,29.78
11:5:20,29.29
11:5:21,28.80
11:5:22,28.80
11:5:23,29.78
11:5:24,29.78
11:5:25,29.29
11:5:26,29.29
11:5:27,29.78
11:5:28,29.29
11:5:29,30.76
11:5:30,30.27
11:5:31,29.78
11:5:32,29.29
11:5:33,30.27
11:5:34,30.27
11:5:35,30.76
11:5:36,28.32
11:5:37,30.27
11:5:38,29.29
11:5:39,29.29
11:5:40,30.27
11:5:41,29.78
11:5:42,30.27
11:5:43,29.78
11:5:44,30.27
11:5:45,30.27
11:5:46,28.80
11:5:47,29.78
11:5:48,29.78
11:5:49,28.80
11:5:50,30.27
11:5:51,29.78
11:5:52,29.78
11:5:53,30.76
11:5:54,29.78
11:5:55,31.25
11:5:56,28.80
11:5:57,28.80
11:5:58,29.29
11:5:59,29.78
11:6:0,30.27
11:6:1,29.29
11:6:2,28.80
11:6:3,29.78
11:6:4,28.80
11:6:6,29.78
11:6:7,29.29
11:6:8,28.80
11:6:9,29.78
11:6:10,29.29
11:6:11,28.80
11:6:12,29.78
11:6:13,28.80
11:6:14,29.29
11:6:15,29.29
11:6:16,29.78
11:6:17,29.29
11:6:18,29.78
11:6:19,29.29
11:6:20,28.32
11:6:21,29.78
11:6:22,29.29
11:6:23,30.27
11:6:24,30.27
11:6:25,29.29
11:6:26,28.80
11:6:27,29.29
11:6:28,30.27
11:6:29,29.78
11:6:30,29.29
11:6:31,29.78
11:6:32,28.80
11:6:33,30.27
11:6:34,29.29
11:6:35,29.29
11:6:36,29.78
11:6:37,29.29
11:6:38,28.80
11:6:39,29.29
11:6:40,28.80
11:6:41,29.29
11:6:42,29.78
11:6:43,29.78
11:6:44,29.29
11:6:45,30.27
11:6:46,29.78
11:6:47,29.29
11:6:48,29.78
11:6:49,29.29
11:6:50,28.80
11:6:51,29.29
11:6:52,28.80
11:6:53,29.29
11:6:54,28.32
11:6:55,28.80
11:6:56,29.29
11:6:57,29.78
11:6:58,29.78
11:6:59,29.78
11:7:0,29.29
11:7:1,28.32
11:7:2,29.78
11:7:3,28.80
11:7:4,28.80
11:7:5,28.32
11:7:6,29.29
11:7:7,29.29
11:7:8,28.80
11:7:9,28.80
11:7:10,29.78
11:7:11,29.29
11:7:12,29.78
11:7:13,28.80
11:7:14,29.29
11:7:15,28.80
11:7:16,28.80
11:7:17,28.80
11:7:18,29.29
11:7:19,28.80
11:7:20,28.80
11:7:21,29.29
11:7:22,29.29
11:7:23,29.29
11:7:24,29.29
11:7:25,28.32
11:7:26,29.29
11:7:27,29.29
11:7:28,29.29
11:7:29,29.29
11:7:30,28.80
11:7:31,29.29
11:7:32,27.83
11:7:33,28.80
11:7:34,28.32
11:7:35,28.32
11:7:36,29.29
11:7:37,28.80
11:7:38,28.80
11:7:39,28.80
11:7:40,29.29
11:7:41,29.29
11:7:42,28.32
11:7:43,29.29
11:7:44,28.80
11:7:45,27.83
11:7:46,27.34
11:7:47,28.80
11:7:48,27.83
11:7:49,30.27
11:7:50,28.32
11:7:51,29.29
11:7:52,27.83
11:7:53,27.34
11:7:54,27.83
11:7:55,28.80
11:7:56,28.80
11:7:57,29.29
11:7:58,28.32
11:7:59,28.32
11:8:0,28.80
11:8:1,29.29
11:8:2,28.32
11:8:3,28.32
11:8:4,28.32
11:8:5,28.32
11:8:6,28.80
11:8:7,29.29
11:8:8,28.80
11:8:9,28.32
11:8:10,28.80
11:8:11,28.32
11:8:12,27.83
11:8:13,27.83
11:8:14,28.80
11:8:15,28.80
11:8:16,29.29
11:8:17,29.78
11:8:18,28.32
11:8:19,27.34
11:8:21,28.80
11:8:22,28.32
11:8:23,28.32
11:8:24,28.80
11:8:25,29.29
11:8:26,27.83
11:8:27,28.80
11:8:28,28.32
11:8:29,28.32
11:8:30,28.80
11:8:31,29.29
11:8:32,28.80
11:8:33,28.80
11:8:34,28.80
11:8:35,27.34
11:8:36,27.83
11:8:37,28.32
11:8:38,27.34
11:8:39,28.32
11:8:40,27.34
11:8:41,27.83
11:8:42,27.34
11:8:43,28.32
11:8:44,29.29
11:8:45,28.80
11:8:46,28.32
11:8:47,29.78
11:8:48,28.80
11:8:49,27.83
11:8:50,28.80
11:8:51,28.32
11:8:52,27.83
11:8:53,28.32
11:8:54,29.29
11:8:55,28.32
11:8:56,27.34
11:8:57,28.32
11:8:58,28.80
11:8:59,28.32
11:9:0,28.80
11:9:1,27.83
11:9:2,28.80
11:9:3,28.80
11:9:4,29.29
11:9:5,28.80
11:9:6,28.32
11:9:7,28.32
11:9:8,28.80
11:9:9,27.34
11:9:10,28.80
11:9:11,27.34
11:9:12,28.32
11:9:13,27.83
11:9:14,29.78
11:9:15,28.32
11:9:16,28.80
11:9:17,28.32
11:9:18,27.83
11:9:19,28.32
11:9:20,28.80
11:9:21,27.34
11:9:22,27.83
11:9:23,28.80
11:9:24,28.32
11:9:25,28.80
11:9:26,27.83
11:9:27,27.34
11:9:28,28.80
11:9:29,28.32
11:9:30,27.34
11:9:31,28.32
11:9:32,28.32
11:9:33,27.34
11:9:34,27.34
11:9:35,27.34
11:9:36,27.83
11:9:37,27.34
11:9:38,27.83
11:9:39,27.83
11:9:40,28.32
11:9:41,27.34
11:9:42,29.29
11:9:43,28.80
11:9:44,27.34
11:9:45,28.80
11:9:46,28.32
11:9:47,28.80
11:9:48,28.32
11:9:49,28.32
11:9:50,27.83
11:9:51,29.78
11:9:52,27.34
11:9:53,28.32
11:9:54,28.32
11:9:55,28.32
11:9:56,27.83
11:9:57,28.80
11:9:58,27.83
11:9:59,28.32
11:10:0,28.80
11:10:1,28.32
11:10:2,27.83
11:10:3,27.83
11:10:4,27.34
11:10:5,28.32
11:10:6,27.34
11:10:7,27.83
11:10:8,26.85
11:10:9,28.80
11:10:10,28.32
11:10:11,27.83
11:10:12,27.34
11:10:13,27.34
11:10:14,27.34
11:10:15,28.80
11:10:16,27.83
11:10:17,27.34
11:10:18,28.32
11:10:19,28.80
11:10:20,27.34
11:10:21,28.32
11:10:22,27.83
11:10:23,28.80
11:10:24,28.32
11:10:25,27.83
11:10:26,28.32
11:10:27,28.32
11:10:28,27.83
11:10:29,27.83
11:10:30,26.85
11:10:31,28.32
11:10:33,27.34
11:10:34,27.83
11:10:35,28.32
11:10:36,27.83
11:10:37,28.32
11:10:38,28.32
11:10:39,28.32
11:10:40,27.83
11:10:41,28.80
11:10:42,27.83
11:10:43,28.32
11:10:44,28.32
11:10:45,27.83
11:10:46,27.34
11:10:47,28.32
11:10:48,27.34
11:10:49,27.34
11:10:50,27.83
11:10:51,26.85
11:10:52,27.34
11:10:53,28.32
11:10:54,28.32
11:10:55,27.34
11:10:56,27.83
11:10:57,27.34
11:10:58,28.32
11:10:59,27.83
11:11:0,27.83
11:11:1,27.83
11:11:2,28.32
11:11:3,27.34
11:11:4,27.83
11:11:5,27.83
11:11:6,26.85
11:11:7,28.32
11:11:8,28.32
11:11:9,27.34
11:11:10,27.83
11:11:11,27.83
11:11:12,28.32
11:11:13,27.83
11:11:14,28.80
11:11:15,27.34
11:11:16,27.34
11:11:17,27.34
11:11:18,27.83
11:11:19,27.83
11:11:20,25.87
11:11:21,27.83
11:11:22,27.34
11:11:23,28.32
11:11:24,26.85
11:11:25,26.85
11:11:26,25.87
11:11:27,27.34
11:11:28,26.85
11:11:29,26.36
11:11:30,27.83
11:11:31,27.83
11:11:32,27.83
11:11:33,27.83
11:11:34,28.32
11:11:35,27.34
11:11:36,27.34
11:11:37,27.83
11:11:38,26.36
11:11:39,26.36
11:11:40,26.36
11:11:41,27.83
11:11:42,26.36
11:11:43,27.83
11:11:44,27.34
11:11:45,26.85
11:11:46,27.83
11:11:47,26.36
11:11:48,27.34
11:11:49,26.36
11:11:50,27.34
11:11:51,27.83
11:11:52,26.85
11:11:53,28.32
11:11:54,26.85
11:11:55,27.83
11:11:56,26.36
11:11:57,27.83
11:11:58,27.34
11:11:59,26.85
11:12:0,27.83
11:12:1,27.83
11:12:2,28.32
11:12:3,27.34
11:12:4,27.34
11:12:5,27.34
11:12:6,27.83
11:12:7,27.83
11:12:8,27.83
11:12:9,27.34
11:12:10,27.34
11:12:11,27.83
11:12:12,27.34
11:12:13,27.83
11:12:14,27.83
11:12:15,27.83
11:12:16,27.34
11:12:17,26.36
11:12:18,27.83
11:12:19,27.83
11:12:20,26.36
11:12:21,27.34
11:12:22,27.83
11:12:23,27.83
11:12:24,27.83
11:12:25,26.36
11:12:26,26.36
11:12:27,26.85
11:12:28,26.36
11:12:29,26.36
11:12:30,27.34
11:12:31,27.83
11:12:32,26.36
11:12:33,26.85
11:12:34,27.83
11:12:35,26.85
11:12:36,27.34
11:12:37,26.85
11:12:38,27.34
11:12:39,27.34
11:12:40,26.85
11:12:41,28.32
11:12:42,27.34
11:12:43,27.34
11:12:44,27.83
11:12:45,27.34
11:12:46,27.83
11:12:47,26.85
11:12:49,27.34
11:12:50,27.83
11:12:51,27.34
11:12:52,26.36
11:12:53,26.85
11:12:54,26.85
11:12:55,26.36
11:12:56,27.34
11:12:57,26.36
11:12:58,26.85
11:12:59,27.34
11:13:0,27.34
11:13:1,26.85
11:13:2,26.36
11:13:3,27.34
11:13:4,27.83
11:13:5,26.36
11:13:6,27.34
11:13:7,26.85
11:13:8,27.34
11:13:9,27.34
11:13:10,26.36
11:13:11,27.34
11:13:12,27.34
11:13:13,26.36
11:13:14,28.32
11:13:15,26.85
11:13:16,27.83
11:13:17,27.34
11:13:18,27.34
11:13:19,27.34
11:13:20,27.83
11:13:21,26.36
11:13:22,27.34
11:13:23,27.34
11:13:24,27.83
11:13:25,27.83
11:13:26,27.83
11:13:27,26.85
11:13:28,28.32
11:13:29,26.85
11:13:30,25.87
11:13:31,27.34
11:13:32,27.83
11:13:33,26.85
11:13:34,26.85
11:13:35,26.85
11:13:36,27.34
11:13:37,27.34
11:13:38,27.83
11:13:39,27.34
11:13:40,27.34
11:13:41,27.34
11:13:42,26.36
11:13:43,26.85
11:13:44,27.83
11:13:45,27.34
11:13:46,27.83
11:13:47,26.85
11:13:48,26.85
11:13:49,26.85
11:13:50,26.85
11:13:51,26.85
11:13:52,27.83
11:13:53,27.83
11:13:54,27.83
11:13:55,26.85
11:13:56,27.34
11:13:57,26.36
11:13:58,28.32
11:13:59,27.34
11:14:0,26.85
11:14:1,27.83
11:14:2,27.83
11:14:3,27.83
11:14:4,27.83
11:14:5,27.34
11:14:6,27.83
11:14:7,27.34
11:14:8,27.34
11:14:9,27.83
11:14:10,27.83
11:14:11,26.85
11:14:12,26.36
11:14:13,26.36
11:14:14,27.83
11:14:15,27.83
11:14:16,26.85
11:14:17,26.85
11:14:18,27.34
11:14:19,26.36
11:14:20,27.34
11:14:21,26.36
11:14:22,27.83
11:14:23,26.85
11:14:24,27.83
11:14:25,27.34
11:14:26,27.83
11:14:27,27.83
11:14:28,27.34
11:14:29,27.34
11:14:30,26.85
11:14:31,27.34
11:14:32,26.85
11:14:33,27.34
11:14:34,26.85
11:14:35,26.85
11:14:36,27.34
11:14:37,26.36
11:14:38,27.34
11:14:39,27.83
11:14:40,26.36
11:14:41,26.85
11:14:42,26.85
11:14:43,26.85
11:14:44,26.85
11:14:45,27.83
11:14:46,27.34
11:14:47,26.85
11:14:48,27.34
11:14:49,26.36
11:14:50,26.85
11:14:51,27.83
11:14:52,27.83
11:14:53,26.36
11:14:54,27.34
11:14:55,27.34
11:14:56,26.85
11:14:57,26.36
11:14:58,27.34
11:14:59,26.36
11:15:0,27.34
11:15:1,26.36
11:15:3,27.83
11:15:4,27.34
11:15:5,27.34
11:15:6,28.32
11:15:7,26.36
11:15:8,26.85
11:15:9,27.83
11:15:10,27.83
11:15:11,27.83
11:15:12,27.34
11:15:13,27.83
11:15:14,27.34
11:15:15,27.83
11:15:16,26.36
11:15:17,28.80
11:15:18,27.34
11:15:19,27.83
11:15:20,26.85
11:15:21,26.85
11:15:22,26.36
11:15:23,26.85
11:15:24,26.36
11:15:25,27.34
11:15:26,26.85
11:15:27,27.34
11:15:28,26.85
11:15:29,26.85
11:15:30,26.36
11:15:31,27.34
11:15:32,27.83
11:15:33,27.34
11:15:34,26.85
11:15:35,27.83
11:15:36,26.85
11:15:37,26.36
11:15:38,26.36
11:15:39,27.83
11:15:40,26.36
11:15:41,26.36
11:15:42,27.34
11:15:43,26.85
11:15:44,26.85
11:15:45,26.36
11:15:46,26.85
11:15:47,26.85
11:15:48,25.87
11:15:49,26.36
11:15:50,27.34
11:15:51,25.87
11:15:52,26.36
11:15:53,26.36
11:15:54,26.36
11:15:55,26.85
11:15:56,26.85
11:15:57,27.83
11:15:58,26.85
11:15:59,26.36
11:16:0,27.34
11:16:1,26.85
11:16:2,26.36
11:16:3,26.36
11:16:4,26.36
11:16:5,26.36
11:16:6,27.83
11:16:7,26.36
11:16:8,26.85
11:16:9,26.36
11:16:10,27.34
11:16:11,27.83
11:16:12,26.36
11:16:13,27.83
11:16:14,26.85
11:16:15,26.36
11:16:16,25.87
11:16:17,27.83
11:16:18,27.34
11:16:19,25.87
11:16:20,25.87
11:16:21,27.34
11:16:22,26.85
11:16:23,27.34
11:16:24,27.34
11:16:25,25.87
11:16:26,26.85
11:16:27,26.85
11:16:28,26.36
11:16:29,26.36
11:16:30,26.36
11:16:31,26.85
11:16:32,26.85
11:16:33,26.85
11:16:34,26.85
11:16:35,26.85
11:16:36,26.36
11:16:37,26.85
11:16:38,27.34
11:16:39,25.87
11:16:40,27.34
11:16:41,26.85
11:16:42,26.85
11:16:43,26.85
11:16:44,27.34
11:16:45,26.85
11:16:46,27.34
11:16:47,26.85
11:16:48,26.36
11:16:49,26.36
11:16:50,26.85
11:16:51,26.36
11:16:52,26.85
11:16:53,26.36
11:16:54,26.36
11:16:55,26.36
11:16:56,26.85
11:16:57,26.85
11:16:58,26.36
11:16:59,26.85
11:17:0,26.36
11:17:1,25.87
11:17:2,26.36
11:17:3,26.36
11:17:4,26.85
11:17:5,26.85
11:17:6,26.85
11:17:7,25.87
11:17:8,28.32
11:17:9,26.85
11:17:10,27.34
11:17:11,26.36
11:17:12,25.87
11:17:13,26.36
11:17:14,26.85
11:17:15,26.36
11:17:16,25.87
11:17:17,26.85
11:17:19,26.85
11:17:20,26.85
11:17:21,26.85
11:17:22,26.36
11:17:23,26.36
11:17:24,26.85
11:17:25,27.34
11:17:26,26.85
11:17:27,26.85
11:17:28,27.34
11:17:29,26.36
11:17:30,27.34
11:17:31,26.36
11:17:32,27.83
11:17:33,26.36
11:17:34,25.87
11:17:35,26.36
11:17:36,26.36
11:17:37,27.34
11:17:38,26.85
11:17:39,26.85
11:17:40,26.85
11:17:41,26.85
11:17:42,27.34
11:17:43,27.34
11:17:44,26.36
11:17:45,26.36
11:17:46,26.85
11:17:47,25.87
11:17:48,27.34
11:17:49,25.87
11:17:50,26.85
11:17:51,26.85
11:17:52,25.87
11:17:53,25.87
11:17:54,25.87
11:17:55,25.87
11:17:56,27.34
11:17:57,27.34
11:17:58,26.36
11:17:59,26.85
11:18:0,26.36
11:18:1,26.85
11:18:2,26.85
11:18:3,27.34
11:18:4,26.85
11:18:5,27.83
11:18:6,26.85
11:18:7,27.34
11:18:8,25.87
11:18:9,26.85
11:18:10,25.39
11:18:11,26.36
11:18:12,27.34
11:18:13,25.87
11:18:14,26.36
11:18:15,26.85
11:18:16,26.85
11:18:17,26.36
11:18:18,26.36
11:18:19,26.85
11:18:20,26.85
11:18:21,25.87
11:18:22,26.85
11:18:23,25.39
11:18:24,26.85
11:18:25,25.87
11:18:26,26.36
11:18:27,25.87
11:18:28,27.34
11:18:29,26.36
11:18:30,27.34
11:18:31,26.36
11:18:32,26.36
11:18:33,26.36
11:18:34,25.87
11:18:35,25.87
11:18:36,27.34
11:18:37,25.87
11:18:38,25.87
11:18:39,26.85
11:18:40,26.85
11:18:41,27.34
11:18:42,26.85
11:18:43,27.34
11:18:44,27.34
11:18:45,26.36
11:18:46,25.39
11:18:47,26.36
11:18:48,25.87
11:18:49,25.87
11:18:50,25.87
11:18:51,25.87
11:18:52,26.85
11:18:53,26.85
11:18:54,25.87
11:18:55,26.36
11:18:56,26.36
11:18:57,27.34
11:18:58,26.36
11:18:59,26.36
11:19:0,25.87
11:19:1,27.34
11:19:2,26.85
11:19:3,26.85
11:19:4,26.36
11:19:5,26.36
11:19:6,26.85
11:19:7,27.34
11:19:8,26.36
11:19:9,26.85
11:19:10,26.85
11:19:11,26.36
11:19:12,26.85
11:19:13,27.34
11:19:14,25.87
11:19:15,26.85
11:19:16,26.85
11:19:17,26.36
11:19:18,26.36
11:19:19,27.83
11:19:20,26.36
11:19:21,26.85
11:19:22,26.85
11:19:23,27.34
11:19:24,26.85
11:19:25,27.34
11:19:26,26.36
11:19:27,26.85
11:19:28,25.87
11:19:29,26.85
11:19:30,25.87
11:19:32,26.36
11:19:33,25.87
11:19:34,27.34
11:19:35,26.85
11:19:36,25.39
11:19:37,27.34
11:19:38,27.34
11:19:39,26.36
11:19:40,26.36
11:19:41,27.83
11:19:42,25.87
11:19:43,26.36
11:19:44,25.87
11:19:45,26.85
11:19:46,26.36
11:19:47,27.34
11:19:48,26.36
11:19:49,27.34
11:19:50,26.36
11:19:51,25.87
11:19:52,25.87
11:19:53,26.85
11:19:54,26.36
11:19:55,26.36
11:19:56,27.34
11:19:57,26.85
11:19:58,25.39
11:19:59,27.34
11:20:0,25.39
11:20:1,26.36
11:20:2,26.85
11:20:3,25.39
11:20:4,27.34
11:20:5,26.85
11:20:6,26.85
11:20:7,26.85
11:20:8,25.87
11:20:9,27.34
11:20:10,26.85
11:20:11,25.87
11:20:12,26.85
11:20:13,26.36
11:20:14,26.85
11:20:15,26.36
11:20:16,25.39
11:20:17,25.87
11:20:18,26.85
11:20:19,26.36
11:20:20,26.36
11:20:21,27.34
11:20:22,26.85
11:20:23,27.34
11:20:24,26.85
11:20:25,26.36
11:20:26,26.36
11:20:27,26.36
11:20:28,25.87
11:20:29,25.87
11:20:30,25.87
11:20:31,26.36
11:20:32,26.36
11:20:33,26.36
11:20:34,26.85
11:20:35,26.36
11:20:36,26.85
11:20:37,26.85
11:20:38,26.85
11:20:39,26.36
11:20:40,26.85
11:20:41,26.85
11:20:42,26.36
11:20:43,25.39
11:20:44,26.36
11:20:45,26.85
11:20:46,26.36
11:20:47,26.36
11:20:48,25.39
11:20:49,26.36
11:20:50,25.87
11:20:51,25.87
11:20:52,26.36
11:20:53,26.36
11:20:54,25.87
11:20:55,24.90
11:20:56,26.36
11:20:57,26.36
11:20:58,26.36
11:20:59,25.39
11:21:0,25.87
11:21:1,25.39
11:21:2,26.36
11:21:3,25.39
11:21:4,25.87
11:21:5,26.85
11:21:6,26.36
11:21:7,26.85
11:21:8,25.87
11:21:9,26.85
11:21:10,26.36
11:21:11,25.87
11:21:12,26.36
11:21:13,26.36
11:21:14,25.39
11:21:15,25.39
11:21:16,25.87
11:21:17,26.36
11:21:18,26.85
11:21:19,27.34
11:21:20,25.87
11:21:21,26.85
11:21:22,26.36
11:21:23,27.34
11:21:24,26.36
11:21:25,27.34
11:21:26,26.36
11:21:27,26.36
11:21:28,26.36
11:21:29,26.85
11:21:30,26.85
11:21:31,25.87
11:21:32,26.85
11:21:33,25.39
11:21:34,26.36
11:21:35,26.85
11:21:36,26.36
11:21:37,26.85
11:21:38,26.85
11:21:39,25.87
11:21:40,26.85
11:21:41,26.85
11:21:42,26.36
11:21:43,26.36
11:21:44,25.87
11:21:46,26.36
11:21:47,26.36
11:21:48,25.39
11:21:49,25.87
11:21:50,25.87
11:21:51,26.85
11:21:52,25.39
11:21:53,26.85
11:21:54,26.85
11:21:55,26.36
11:21:56,25.87
11:21:57,26.36
11:21:58,26.85
11:21:59,25.87
11:22:0,25.87
11:22:1,26.85
11:22:2,26.85
11:22:3,26.36
11:22:4,26.85
11:22:5,25.39
11:22:6,26.36
11:22:7,26.85
11:22:8,25.39
11:22:9,26.36
11:22:10,26.85
11:22:11,25.87
11:22:12,25.87
11:22:13,25.87
11:22:14,26.36
11:22:15,26.36
11:22:16,26.36
11:22:17,25.39
11:22:18,26.85
11:22:19,26.36
11:22:20,25.39
11:22:21,25.87
11:22:22,25.87
11:22:23,26.36
11:22:24,25.87
11:22:25,25.39
11:22:26,26.36
11:22:27,26.85
11:22:28,26.85
11:22:29,26.36
11:22:30,25.39
11:22:31,25.87
11:22:32,25.87
11:22:33,26.36
11:22:34,25.87
11:22:35,24.90
11:22:36,25.39
11:22:37,26.36
11:22:38,26.36
11:22:39,25.87
11:22:40,24.90
11:22:41,26.36
11:22:42,25.39
11:22:43,25.39
11:22:44,25.87
11:22:45,25.39
11:22:46,26.36
11:22:47,24.90
11:22:48,24.90
11:22:49,25.39
11:22:50,24.90
11:22:51,25.87
11:22:52,26.36
11:22:53,25.87
11:22:54,26.36
11:22:55,26.36
11:22:56,25.87
11:22:57,25.87
11:22:58,25.87
11:22:59,25.39
11:23:0,25.39
11:23:1,25.39
11:23:2,25.39
11:23:3,26.36
11:23:4,25.87
11:23:5,25.39
11:23:6,25.87
11:23:7,25.39
11:23:8,25.87
11:23:9,25.39
11:23:10,25.39
11:23:11,25.87
11:23:12,25.87
11:23:13,26.36
11:23:14,25.87
11:23:15,26.85
11:23:16,24.90
11:23:17,25.39
11:23:18,25.87
11:23:19,24.90
11:23:20,25.87
11:23:21,26.36
11:23:22,24.41
11:23:23,26.36
11:23:24,26.36
11:23:25,26.36
11:23:26,26.36
11:23:27,25.87
11:23:28,25.39
11:23:29,25.87
11:23:30,26.36
11:23:31,25.87
11:23:32,25.39
11:23:33,24.90
11:23:34,25.39
11:23:35,26.36
11:23:36,26.36
11:23:37,25.39
11:23:38,26.36
11:23:39,24.41
11:23:40,25.87
11:23:41,26.36
11:23:42,25.87
11:23:43,25.87
11:23:44,25.87
11:23:45,25.87
11:23:46,26.85
11:23:47,26.36
11:23:48,25.39
11:23:49,26.36
11:23:50,25.87
11:23:51,24.90
11:23:52,26.36
11:23:53,24.90
11:23:54,25.87
11:23:55,26.36
11:23:56,25.39
11:23:57,25.87
11:23:58,26.85
11:23:59,25.39
11:24:0,25.87
11:24:2,25.39
11:24:3,25.39
11:24:4,25.87
11:24:5,25.39
11:24:6,24.90
11:24:7,26.85
11:24:8,25.87
11:24:9,25.87
11:24:10,25.39
11:24:11,25.39
11:24:12,26.85
11:24:13,25.87
11:24:14,25.39
11:24:15,26.85
11:24:16,25.87
11:24:17,25.87
11:24:18,27.34
11:24:19,25.87
11:24:20,25.39
11:24:21,26.85
11:24:22,25.39
11:24:23,25.39
11:24:24,25.87
11:24:25,25.87
11:24:26,26.36
11:24:27,26.36
11:24:28,25.39
11:24:29,25.39
11:24:30,25.87
11:24:31,25.39
11:24:32,24.41
11:24:33,25.87
11:24:34,25.87
11:24:35,25.39
11:24:36,25.87
11:24:37,25.39
11:24:38,25.87
11:24:39,25.87
11:24:40,25.39
11:24:41,25.87
11:24:42,24.90
11:24:43,24.90
11:24:44,25.39
11:24:45,25.87
11:24:46,24.90
11:24:47,25.39
11:24:48,25.87
11:24:49,26.36
11:24:50,25.87
11:24:51,25.39
11:24:52,25.87
11:24:53,25.39
11:24:54,25.87
11:24:55,24.90
11:24:56,24.90
11:24:57,25.87
11:24:58,24.41
11:24:59,24.41
11:25:0,25.39
11:25:1,25.87
11:25:2,25.39
11:25:3,25.87
11:25:4,25.39
11:25:5,24.41
11:25:6,25.87
11:25:7,25.87
11:25:8,25.39
11:25:9,26.85
11:25:10,26.36
11:25:11,25.39
11:25:12,25.39
11:25:13,25.87
11:25:14,24.90
11:25:15,25.39
11:25:16,26.36
11:25:17,25.87
11:25:18,25.39
11:25:19,24.90
11:25:20,24.41
11:25:21,25.39
11:25:22,26.85
11:25:23,25.39
11:25:24,25.39
11:25:25,25.87
11:25:26,25.87
11:25:27,25.87
11:25:28,24.90
11:25:29,25.87
11:25:30,24.41
11:25:31,25.87
11:25:32,24.90
11:25:33,25.87
11:25:34,25.39
11:25:35,24.90
11:25:36,25.39
11:25:37,25.87
11:25:38,26.36
11:25:39,25.39
11:25:40,25.39
11:25:41,25.87
11:25:42,25.87
11:25:43,25.39
11:25:44,25.87
11:25:45,25.87
11:25:46,25.39
11:25:47,25.39
11:25:48,25.87
11:25:49,25.39
11:25:50,25.39
11:25:51,24.90
11:25:52,25.39
11:25:53,25.87
11:25:54,24.90
11:25:55,24.41
11:25:56,24.90
11:25:57,26.36
11:25:58,24.41
11:25:59,26.36
11:26:0,25.39
11:26:1,24.90
11:26:2,26.36
11:26:3,25.39
11:26:4,25.39
11:26:5,25.39
11:26:6,26.36
11:26:7,24.90
11:26:8,25.39
11:26:9,25.87
11:26:10,25.87
11:26:11,25.39
11:26:12,25.87
11:26:13,24.90
11:26:14,24.41
11:26:15,25.87
11:26:17,26.85
11:26:18,25.39
11:26:19,25.39
11:26:20,24.90
11:26:21,25.87
11:26:22,25.39
11:26:23,26.36
11:26:24,25.39
11:26:25,24.41
11:26:26,24.90
11:26:27,25.39
11:26:28,24.90
11:26:29,25.39
11:26:30,25.87
11:26:31,24.41
11:26:32,25.39
11:26:33,26.36
11:26:34,24.41
11:26:35,24.90
11:26:36,24.90
11:26:37,25.39
11:26:38,26.36
11:26:39,25.39
11:26:40,24.90
11:26:41,25.39
11:26:42,26.36
11:26:43,25.87
11:26:44,25.87
11:26:45,25.87
11:26:46,25.87
11:26:47,25.39
11:26:48,25.39
11:26:49,25.39
11:26:50,25.39
11:26:51,24.90
11:26:52,24.90
11:26:53,25.87
11:26:54,26.36
11:26:55,25.39
11:26:56,25.39
11:26:57,25.39
11:26:58,25.87
11:26:59,24.90
11:27:0,24.90
11:27:1,25.39
11:27:2,25.87
11:27:3,25.39
11:27:4,25.87
11:27:5,26.36
11:27:6,24.90
11:27:7,25.87
11:27:8,24.90
11:27:9,25.39
11:27:10,24.41
11:27:11,24.90
11:27:12,24.90
11:27:13,24.41
11:27:14,25.87
11:27:15,25.39
11:27:16,25.87
11:27:17,25.87
11:27:18,25.39
11:27:19,25.39
11:27:20,25.87
11:27:21,26.36
11:27:22,25.87
11:27:23,25.87
11:27:24,25.87
11:27:25,26.36
11:27:26,25.87
11:27:27,25.39
11:27:28,26.85
11:27:29,25.87
11:27:30,26.85
11:27:31,25.87
11:27:32,25.87
11:27:33,26.36
11:27:34,27.34
11:27:35,25.87
11:27:36,26.85
11:27:37,25.39
11:27:38,25.87
11:27:39,26.85
11:27:40,25.39
11:27:41,25.39
11:27:42,25.39
11:27:43,25.87
11:27:44,26.85
11:27:45,26.85
11:27:46,25.39
11:27:47,25.87
11:27:48,26.36
11:27:49,25.87
11:27:50,25.87
11:27:51,26.85
11:27:52,27.34
11:27:53,26.85
11:27:54,25.87
11:27:55,26.36
11:27:56,25.87
11:27:57,26.36
11:27:58,24.90
11:27:59,25.39
11:28:0,26.36
11:28:1,26.85
11:28:2,26.36
11:28:3,26.36
11:28:4,27.34
11:28:5,25.87
11:28:6,25.39
11:28:7,27.34
11:28:8,26.85
11:28:9,26.36
11:28:10,26.85
11:28:11,25.87
11:28:12,26.85
11:28:13,25.39
11:28:14,27.34
11:28:15,25.87
11:28:16,25.87
11:28:17,26.36
11:28:18,26.85
11:28:19,25.39
11:28:20,26.85
11:28:21,25.87
11:28:22,24.90
11:28:23,25.87
11:28:24,24.90
11:28:25,25.87
11:28:26,25.87
11:28:27,26.36
11:28:28,25.87
11:28:29,25.39
11:28:31,26.36
11:28:32,26.36
11:28:33,25.87
11:28:34,25.87
11:28:35,25.87
11:28:36,27.34
11:28:37,27.34
11:28:38,26.85
11:28:39,26.85
11:28:40,25.87
11:28:41,25.39
11:28:42,26.36
11:28:43,26.36
11:28:44,25.87
11:28:45,25.87
11:28:46,25.87
11:28:47,25.87
11:28:48,26.36
11:28:49,26.36
11:28:50,25.39
11:28:51,24.90
11:28:52,25.39
11:28:53,25.39
11:28:54,26.36
11:28:55,25.87
11:28:56,24.90
11:28:57,26.85
11:28:58,25.87
11:28:59,24.90
11:29:0,26.36
11:29:1,25.39
11:29:2,26.36
11:29:3,25.39
11:29:4,25.87
11:29:5,26.85
11:29:6,25.87
11:29:7,25.87
11:29:8,25.87
11:29:9,25.39
11:29:10,26.36
11:29:11,24.90
11:29:12,25.39
11:29:13,25.87
11:29:14,25.87
11:29:15,24.90
11:29:16,25.87
11:29:17,25.87
11:29:18,25.39
11:29:19,24.90
11:29:20,25.39
11:29:21,25.39
11:29:22,26.36
11:29:23,25.39
11:29:24,25.87
11:29:25,26.85
11:29:26,25.39
11:29:27,25.87
11:29:28,26.85
11:29:29,25.87
11:29:30,25.39
11:29:31,24.90
11:29:32,25.87
11:29:33,25.87
11:29:34,25.39
11:29:35,24.90
11:29:36,25.87
11:29:37,25.39
11:29:38,25.39
11:29:39,26.36
11:29:40,25.87
11:29:41,25.39
11:29:42,25.39
11:29:43,25.39
11:29:44,25.87
11:29:45,26.85
11:29:46,24.90
11:29:47,25.39
11:29:48,25.87
11:29:49,25.87
11:29:50,25.87
11:29:51,25.87
11:29:52,25.87
11:29:53,25.39
11:29:54,25.39
11:29:55,25.87
11:29:56,25.39
11:29:57,24.90
11:29:58,24.90
11:29:59,25.39
11:30:0,25.39
11:30:1,25.87
11:30:2,24.41
11:30:3,25.87
11:30:4,26.36
11:30:5,24.90
11:30:6,25.39
11:30:7,26.36
11:30:8,25.39
11:30:9,24.90
11:30:10,25.39
11:30:11,25.39
11:30:12,25.87
11:30:13,25.39
11:30:14,25.87
11:30:15,25.39
11:30:16,25.39
11:30:17,24.90
11:30:18,24.41
11:30:19,24.90
11:30:20,25.87
11:30:21,25.87
11:30:22,25.87
11:30:23,26.36
11:30:24,26.36
11:30:25,25.39
11:30:26,25.39
11:30:27,25.87
11:30:28,25.87
11:30:29,25.39
11:30:30,26.36
11:30:31,25.87
11:30:32,26.36
11:30:33,24.90
11:30:34,25.87
11:30:35,25.87
11:30:36,25.87
11:30:37,26.36
11:30:38,24.90
11:30:39,24.41
11:30:40,25.87
11:30:41,24.90
11:30:42,25.87
11:30:43,24.90
11:30:44,24.90
11:30:46,24.90
11:30:47,25.87
11:30:48,25.87
11:30:49,25.39
11:30:50,25.39
11:30:51,25.39
11:30:52,24.90
11:30:53,26.85
11:30:54,26.36
11:30:55,25.39
11:30:56,25.87
11:30:57,24.90
11:30:58,24.41
11:30:59,24.41
11:31:0,24.90
11:31:1,25.39
11:31:2,24.90
11:31:3,24.90
11:31:4,24.41
11:31:5,25.39
11:31:6,25.87
11:31:7,25.39
11:31:8,24.41
11:31:9,25.39
11:31:10,25.87
11:31:11,24.41
11:31:12,25.87
11:31:13,24.90
11:31:14,25.39
11:31:15,25.39
11:31:16,25.39
11:31:17,25.39
11:31:18,24.41
11:31:19,24.90
11:31:20,24.41
11:31:21,25.39
11:31:22,24.41
11:31:23,26.85
11:31:24,24.41
11:31:25,24.90
11:31:26,25.87
11:31:27,24.90
11:31:28,26.36
11:31:29,26.85
11:31:30,25.39
11:31:31,25.39
11:31:32,26.85
11:31:33,25.39
11:31:34,25.87
11:31:35,24.90
11:31:36,24.90
11:31:37,27.34
11:31:38,25.39
11:31:39,25.87
11:31:40,25.39
11:31:41,25.87
11:31:42,24.90
11:31:43,24.41
11:31:44,25.87
11:31:45,24.90
11:31:46,25.39
11:31:47,25.39
11:31:48,25.87
11:31:49,25.39
11:31:50,25.87
11:31:51,26.85
11:31:52,25.87
11:31:53,25.87
11:31:54,24.90
11:31:55,25.87
11:31:56,24.90
11:31:57,24.90
11:31:58,24.90
11:31:59,25.39
11:32:0,24.41
11:32:1,24.90
11:32:2,25.39
11:32:3,24.90
11:32:4,26.36
11:32:5,24.90
11:32:6,25.39
11:32:7,24.90
11:32:8,24.41
11:32:9,23.92
11:32:10,25.87
11:32:11,26.36
11:32:12,24.90
11:32:13,25.87
11:32:14,25.39
11:32:15,24.90
11:32:16,25.39
11:32:17,24.41
11:32:18,25.87
11:32:19,25.39
11:32:20,24.90
11:32:21,24.41
11:32:22,24.41
11:32:23,25.39
11:32:24,24.90
11:32:25,25.87
11:32:26,24.90
11:32:27,26.36
11:32:28,25.87
11:32:29,25.39
11:32:30,25.87
11:32:31,25.39
11:32:32,24.90
11:32:33,25.87
11:32:34,25.87
11:32:35,24.41
11:32:36,24.90
11:32:37,25.87
11:32:38,24.90
11:32:39,24.90
11:32:40,24.90
11:32:41,25.39
11:32:42,24.41
11:32:43,24.41
11:32:44,24.90
11:32:45,26.36
11:32:46,24.90
11:32:47,25.39
11:32:48,25.39
11:32:49,25.39
11:32:50,25.87
11:32:51,24.41
11:32:52,24.41
11:32:53,25.39
11:32:54,25.39
11:32:55,24.90
11:32:56,25.87
11:32:57,24.90
11:32:59,25.39
11:33:0,24.90
11:33:1,25.39
11:33:2,24.90
11:33:3,24.90
11:33:4,24.41
11:33:5,24.41
11:33:6,25.39
11:33:7,24.90
11:33:8,25.39
11:33:9,24.90
11:33:10,25.87
11:33:11,25.87
11:33:12,25.39
11:33:13,25.39
11:33:14,24.90
11:33:15,25.39
11:33:16,25.39
11:33:17,24.90
11:33:18,24.41
11:33:19,25.87
11:33:20,24.41
11:33:21,24.90
11:33:22,24.41
11:33:23,25.39
11:33:24,26.36
11:33:25,25.39
11:33:26,24.41
11:33:27,25.39
11:33:28,25.39
11:33:29,25.87
11:33:30,25.87
11:33:31,25.39
11:33:32,24.90
11:33:33,25.39
11:33:34,24.90
11:33:35,25.39
11:33:36,24.90
11:33:37,24.90
11:33:38,25.39
11:33:39,25.39
11:33:40,24.90
11:33:41,25.39
11:33:42,25.39
11:33:43,24.90
11:33:44,24.90
11:33:45,25.87
11:33:46,25.39
11:33:47,25.39
11:33:48,25.39
11:33:49,24.90
11:33:50,24.41
11:33:51,25.39
11:33:52,25.87
11:33:53,25.87
11:33:54,25.87
11:33:55,24.90
11:33:56,23.92
11:33:57,24.90
11:33:58,24.90
11:33:59,24.41
11:34:0,24.90
11:34:1,25.87
11:34:2,24.90
11:34:3,25.87
11:34:4,24.41
11:34:5,25.39
11:34:6,25.87
11:34:7,25.39
11:34:8,25.39
11:34:9,25.39
11:34:10,25.39
11:34:11,23.92
11:34:12,24.90
11:34:13,24.90
11:34:14,24.90
11:34:15,24.41
11:34:16,24.41
11:34:17,24.90
11:34:18,24.90
11:34:19,24.41
11:34:20,25.39
11:34:21,24.90
11:34:22,25.39
11:34:23,25.87
11:34:24,25.39
11:34:25,23.92
11:34:26,24.90
11:34:27,25.39
11:34:28,24.41
11:34:29,25.87
11:34:30,25.39
11:34:31,24.41
11:34:32,24.41
11:34:33,23.92
11:34:34,26.36
11:34:35,24.90
11:34:36,24.90
11:34:37,24.41
11:34:38,24.41
11:34:39,24.41
11:34:40,24.90
11:34:41,24.41
11:34:42,24.41
11:34:43,24.90
11:34:44,25.39
11:34:45,24.41
11:34:46,25.39
11:34:47,24.41
11:34:48,24.90
11:34:49,25.39
11:34:50,25.87
11:34:51,25.87
11:34:52,25.39
11:34:53,25.39
11:34:54,24.90
11:34:55,24.90
11:34:56,24.41
11:34:57,24.41
11:34:58,25.39
11:34:59,25.39
11:35:0,24.90
11:35:1,24.90
11:35:2,24.90
11:35:3,24.90
11:35:4,24.90
11:35:5,24.90
11:35:6,24.90
11:35:7,25.87
11:35:8,25.39
11:35:9,25.39
11:35:10,24.90
11:35:11,26.36
11:35:12,24.41
11:35:13,24.41
11:35:14,25.39
11:35:16,24.90
11:35:17,24.41
11:35:18,24.90
11:35:19,24.41
11:35:20,25.39
11:35:21,24.90
11:35:22,24.41
11:35:23,24.90
11:35:24,24.90
11:35:25,24.90
11:35:26,24.90
11:35:27,24.90
11:35:28,24.90
11:35:29,24.41
11:35:30,24.90
11:35:31,24.90
11:35:32,23.92
11:35:33,24.41
11:35:34,25.39
11:35:35,25.87
11:35:36,25.39
11:35:37,23.92
11:35:38,25.87
11:35:39,24.90
11:35:40,24.90
11:35:41,23.92
11:35:42,25.87
11:35:43,24.41
11:35:44,24.90
11:35:45,24.41
11:35:46,24.41
11:35:47,23.43
11:35:48,25.39
11:35:49,23.92
11:35:50,24.41
11:35:51,25.39
11:35:52,24.90
11:35:53,25.39
11:35:54,24.41
11:35:55,24.41
11:35:56,25.39
11:35:57,23.92
11:35:58,25.39
11:35:59,24.41
11:36:0,25.87
11:36:1,23.92
11:36:2,24.90
11:36:3,25.39
11:36:4,25.39
11:36:5,24.90
11:36:6,24.41
11:36:7,25.87
11:36:8,24.90
11:36:9,24.41
11:36:10,25.87
11:36:11,24.90
11:36:12,24.90
11:36:13,24.41
11:36:14,24.41
11:36:15,24.90
11:36:16,24.41
11:36:17,24.41
11:36:18,25.39
11:36:19,24.90
11:36:20,26.36
11:36:21,24.41
11:36:22,24.41
11:36:23,24.41
11:36:24,25.39
11:36:25,24.90
11:36:26,24.41
11:36:27,24.90
11:36:28,24.41
11:36:29,24.90
11:36:30,23.92
11:36:31,24.90
11:36:32,23.43
11:36:33,24.90
11:36:34,24.90
11:36:35,24.90
11:36:36,24.41
11:36:37,25.39
11:36:38,24.90
11:36:39,24.90
11:36:40,24.90
11:36:41,25.39
11:36:42,23.43
11:36:43,24.41
11:36:44,24.90
11:36:45,24.41
11:36:46,24.90
11:36:47,24.41
11:36:48,24.90
11:36:49,24.41
11:36:50,24.41
11:36:51,23.92
11:36:52,24.41
11:36:53,24.90
11:36:54,24.90
11:36:55,24.90
11:36:56,24.41
11:36:57,25.39
11:36:58,24.90
11:36:59,23.43
11:37:0,23.43
11:37:1,25.39
11:37:2,24.90
11:37:3,23.92
11:37:4,23.92
11:37:5,23.92
11:37:6,24.90
11:37:7,24.41
11:37:8,24.41
11:37:9,24.90
11:37:10,23.92
11:37:11,25.87
11:37:12,25.39
11:37:13,23.43
11:37:14,24.90
11:37:15,25.39
11:37:16,24.41
11:37:17,24.90
11:37:18,24.90
11:37:19,24.90
11:37:20,24.41
11:37:21,24.90
11:37:22,24.41
11:37:23,24.90
11:37:24,25.39
11:37:25,24.41
11:37:26,23.92
11:37:27,24.90
11:37:28,23.43
11:37:30,24.41
11:37:31,25.39
11:37:32,24.41
11:37:33,23.92
11:37:34,25.87
11:37:35,24.90
11:37:36,25.39
11:37:37,24.90
11:37:38,23.92
11:37:39,23.92
11:37:40,25.39
11:37:41,24.90
11:37:42,23.92
11:37:43,24.90
11:37:44,25.39
11:37:45,24.41
11:37:46,23.92
11:37:47,24.90
11:37:48,24.41
11:37:49,23.43
11:37:50,24.90
11:37:51,24.90
11:37:52,25.87
11:37:53,23.43
11:37:54,25.39
11:37:55,24.90
11:37:56,24.41
11:37:57,23.43
11:37:58,24.41
11:37:59,24.90
11:38:0,23.92
11:38:1,24.41
11:38:2,25.39
11:38:3,23.92
11:38:4,24.90
11:38:5,23.92
11:38:6,24.90
11:38:7,25.39
11:38:8,24.41
11:38:9,24.90
11:38:10,24.41
11:38:11,24.41
11:38:12,24.41
11:38:13,24.90
11:38:14,23.43
11:38:15,25.39
11:38:16,23.92
11:38:17,24.41
11:38:18,23.43
11:38:19,24.41
11:38:20,24.41
11:38:21,23.92
11:38:22,24.90
11:38:23,25.39
11:38:24,24.90
11:38:25,24.90
11:38:26,24.90
11:38:27,25.87
11:38:28,25.39
11:38:29,24.90
11:38:30,23.92
11:38:31,24.41
11:38:32,23.43
11:38:33,23.92
11:38:34,24.41
11:38:35,24.90
11:38:36,24.41
11:38:37,23.92
11:38:38,24.90
11:38:39,24.41
11:38:40,24.90
11:38:41,24.41
11:38:42,23.92
11:38:43,23.43
11:38:44,25.39
11:38:45,23.43
11:38:46,25.39
11:38:47,24.41
11:38:48,25.87
11:38:49,23.92
11:38:50,24.90
11:38:51,24.41
11:38:52,25.87
11:38:53,23.92
11:38:54,24.41
11:38:55,24.41
11:38:56,23.92
11:38:57,24.90
11:38:58,24.90
11:38:59,25.39
11:39:0,23.43
11:39:1,23.92
11:39:2,24.90
11:39:3,25.39
11:39:4,24.90
11:39:5,23.92
11:39:6,24.41
11:39:7,24.90
11:39:8,24.90
11:39:9,23.92
11:39:10,25.87
11:39:11,23.43
11:39:12,24.90
11:39:13,25.87
11:39:14,25.39
11:39:15,24.41
11:39:16,24.41
11:39:17,23.92
11:39:18,23.92
11:39:19,24.90
11:39:20,24.90
11:39:21,24.90
11:39:22,24.41
11:39:23,24.90
11:39:24,23.92
11:39:25,24.90
11:39:26,24.90
11:39:27,24.90
11:39:28,24.90
11:39:29,24.41
11:39:30,24.90
11:39:31,24.41
11:39:32,24.41
11:39:33,24.41
11:39:34,24.41
11:39:35,25.39
11:39:36,24.41
11:39:37,24.41
11:39:38,25.39
11:39:39,25.87
11:39:40,24.90
11:39:41,24.90
11:39:43,24.90
11:39:44,23.92
11:39:45,23.92
11:39:46,24.41
11:39:47,24.90
11:39:48,23.92
11:39:49,24.90
11:39:50,24.41
11:39:51,23.43
11:39:52,24.90
11:39:53,22.94
11:39:54,24.90
11:39:55,24.41
11:39:56,22.94
11:39:57,24.41
11:39:58,24.41
11:39:59,23.43
11:40:0,24.90
11:40:1,24.41
11:40:2,23.43
11:40:3,24.90
11:40:4,24.41
11:40:5,24.90
11:40:6,24.90
11:40:7,23.43
11:40:8,24.90
11:40:9,24.41
11:40:10,24.41
11:40:11,25.39
11:40:12,23.92
11:40:13,24.41
11:40:14,23.92
11:40:15,24.90
11:40:16,23.92
11:40:17,24.41
11:40:18,22.94
11:40:19,24.90
11:40:20,23.43
11:40:21,24.41
11:40:22,24.90
11:40:23,24.41
11:40:24,24.41
11:40:25,23.92
11:40:26,23.43
11:40:27,24.41
11:40:28,23.43
11:40:29,24.90
11:40:30,24.41
11:40:31,24.41
11:40:32,23.43
11:40:33,24.41
11:40:34,23.92
11:40:35,24.41
11:40:36,24.90
11:40:37,23.92
11:40:38,23.92
11:40:39,24.41
11:40:40,25.39
11:40:41,23.92
11:40:42,24.90
11:40:43,25.39
11:40:44,22.94
11:40:45,23.43
11:40:46,24.90
11:40:47,23.43
11:40:48,24.90
11:40:49,23.92
11:40:50,23.43
11:40:51,22.94
11:40:52,24.41
11:40:53,24.90
11:40:54,24.90
11:40:55,23.43
11:40:56,24.41
11:40:57,25.39
11:40:58,24.90
11:40:59,24.41
11:41:0,24.41
11:41:1,24.41
11:41:2,24.41
11:41:3,24.41
11:41:4,24.41
11:41:5,24.41
11:41:6,23.92
11:41:7,23.43
11:41:8,23.43
11:41:9,24.90
11:41:10,23.92
11:41:11,24.41
11:41:12,23.92
11:41:13,24.90
11:41:14,23.92
11:41:15,24.90
11:41:16,22.94
11:41:17,24.41
11:41:18,22.94
11:41:19,24.41
11:41:20,24.41
11:41:21,23.43
11:41:22,25.39
11:41:23,24.90
11:41:24,24.41
11:41:25,24.41
11:41:26,23.92
11:41:27,24.90
11:41:28,23.43
11:41:29,23.92
11:41:30,24.90
11:41:31,23.92
11:41:32,24.41
11:41:33,24.90
11:41:34,24.90
11:41:35,24.90
11:41:36,24.90
11:41:37,24.90
11:41:38,25.87
11:41:39,23.92
11:41:40,23.92
11:41:41,25.87
11:41:42,24.41
11:41:43,25.39
11:41:44,24.90
11:41:45,25.87
11:41:46,24.90
11:41:47,24.41
11:41:48,24.90
11:41:49,23.92
11:41:50,24.41
11:41:51,24.90
11:41:52,24.90
11:41:53,24.90
11:41:54,24.41
11:41:55,24.41
11:41:56,25.39
11:41:58,24.41
11:41:59,23.92
11:42:0,24.41
11:42:1,24.90
11:42:2,24.41
11:42:3,23.92
11:42:4,24.90
11:42:5,25.87
11:42:6,23.92
11:42:7,24.90
11:42:8,23.92
11:42:9,23.92
11:42:10,23.92
11:42:11,24.41
11:42:12,24.41
11:42:13,23.92
11:42:14,23.43
11:42:15,23.92
11:42:16,23.92
11:42:17,24.41
11:42:18,24.41
11:42:19,24.41
11:42:20,24.41
11:42:21,24.41
11:42:22,24.41
11:42:23,24.41
11:42:24,24.41
11:42:25,24.41
11:42:26,24.90
11:42:27,24.90
11:42:28,23.92
11:42:29,24.41
11:42:30,23.92
11:42:31,23.92
11:42:32,23.92
11:42:33,25.39
11:42:34,24.41
11:42:35,24.90
11:42:36,23.43
11:42:37,23.92
11:42:38,24.90
11:42:39,23.92
11:42:40,24.90
11:42:41,23.92
11:42:42,24.41
11:42:43,24.90
11:42:44,24.41
11:42:45,24.90
11:42:46,23.43
11:42:47,24.90
11:42:48,24.90
11:42:49,24.41
11:42:50,24.41
11:42:51,24.90
11:42:52,24.41
11:42:53,24.90
11:42:54,23.43
11:42:55,23.92
11:42:56,24.90
11:42:57,23.92
11:42:58,24.90
11:42:59,24.90
11:43:0,24.41
11:43:1,23.92
11:43:2,24.41
11:43:3,25.39
11:43:4,24.90
11:43:5,24.90
11:43:6,24.90
11:43:7,24.90
11:43:8,24.90
11:43:9,24.90
11:43:10,24.41
11:43:11,25.39
11:43:12,23.92
11:43:13,24.41
11:43:14,24.90
11:43:15,23.43
11:43:16,24.41
11:43:17,24.90
11:43:18,24.41
11:43:19,24.41
11:43:20,24.90
11:43:21,23.43
11:43:22,25.39
11:43:23,24.90
11:43:24,23.92
11:43:25,25.39
11:43:26,23.92
11:43:27,24.90
11:43:28,25.87
11:43:29,25.39
11:43:30,24.90
11:43:31,24.41
11:43:32,22.94
11:43:33,23.92
11:43:34,25.39
11:43:35,24.90
11:43:36,23.92
11:43:37,23.92
11:43:38,23.43
11:43:39,24.90
11:43:40,24.90
11:43:41,25.39
11:43:42,25.39
11:43:43,24.41
11:43:44,24.90
11:43:45,24.41
11:43:46,23.92
11:43:47,24.41
11:43:48,24.41
11:43:49,24.41
11:43:50,23.92
11:43:51,24.41
11:43:52,24.41
11:43:53,24.41
11:43:54,24.41
11:43:55,23.92
11:43:56,23.43
11:43:57,24.41
11:43:58,25.39
11:43:59,25.39
11:44:0,24.41
11:44:1,23.92
11:44:2,23.92
11:44:3,24.41
11:44:4,23.92
11:44:5,22.94
11:44:6,24.90
11:44:7,24.41
11:44:8,23.43
11:44:9,24.41
11:44:10,23.92
11:44:12,24.90
11:44:12,23.92
11:44:14,22.94
11:44:15,24.41
11:44:16,24.41
11:44:17,23.92
11:44:18,24.90
11:44:19,23.43
11:44:20,25.39
11:44:21,24.90
11:44:22,23.43
11:44:23,23.43
11:44:24,23.92
11:44:25,24.90
11:44:26,24.41
11:44:27,23.92
11:44:28,23.43
11:44:29,25.39
11:44:30,24.90
11:44:31,24.41
11:44:32,24.90
11:44:33,25.39
11:44:34,23.43
11:44:35,24.90
11:44:36,24.90
11:44:37,24.41
11:44:38,24.41
11:44:39,22.94
11:44:40,24.41
11:44:41,23.43
11:44:42,24.41
11:44:43,22.94
11:44:44,24.41
11:44:45,23.43
11:44:46,24.90
11:44:47,24.41
11:44:48,24.90
11:44:49,24.41
11:44:50,23.92
11:44:51,24.41
11:44:52,24.41
11:44:53,24.90
11:44:54,23.43
11:44:55,23.43
11:44:56,23.43
11:44:57,24.41
11:44:58,23.92
11:44:59,23.43
11:45:0,23.43
11:45:1,23.43
11:45:2,24.41
11:45:3,23.92
11:45:4,23.43
11:45:5,23.43
11:45:6,24.90
11:45:7,24.41
11:45:8,23.43
11:45:9,24.41
11:45:10,22.94
11:45:11,23.92
11:45:12,23.92
11:45:13,24.41
11:45:14,23.92
11:45:15,23.92
11:45:16,24.41
11:45:17,23.92
11:45:18,24.90
11:45:19,23.92
11:45:20,23.43
11:45:21,24.90
11:45:22,24.41
11:45:23,23.43
11:45:24,23.43
11:45:25,23.92
11:45:26,24.41
11:45:27,23.43
11:45:28,24.90
11:45:29,23.92
11:45:30,24.90
11:45:31,23.92
11:45:32,24.41
11:45:33,24.90
11:45:34,24.41
11:45:35,22.46
11:45:36,23.92
11:45:37,25.87
11:45:38,24.41
11:45:39,24.41
11:45:40,24.90
11:45:41,23.92
11:45:42,23.92
11:45:43,23.92
11:45:44,24.41
11:45:45,24.41
11:45:46,23.43
11:45:47,24.90
11:45:48,24.90
11:45:49,24.41
11:45:50,24.41
11:45:51,23.92
11:45:52,24.41
11:45:53,24.90
11:45:54,24.41
11:45:55,23.92
11:45:56,24.90
11:45:57,24.90
11:45:58,24.41
11:45:59,24.41
11:46:0,24.41
11:46:1,24.41
11:46:2,24.41
11:46:3,22.94
11:46:4,23.43
11:46:5,24.41
11:46:6,23.43
11:46:7,24.90
11:46:8,26.36
11:46:9,24.41
11:46:10,24.41
11:46:11,24.90
11:46:12,23.92
11:46:13,24.41
11:46:14,23.43
11:46:15,24.41
11:46:16,23.92
11:46:17,24.41
11:46:18,23.43
11:46:19,24.90
11:46:20,23.92
11:46:21,23.92
11:46:22,23.92
11:46:23,25.39
11:46:24,23.43
11:46:25,22.94
11:46:26,23.92
11:46:28,24.41
11:46:29,23.43
11:46:30,24.90
11:46:31,24.41
11:46:32,24.41
11:46:33,23.92
11:46:34,24.90
11:46:35,23.92
11:46:36,24.90
11:46:37,22.94
11:46:38,24.41
11:46:39,24.90
11:46:40,23.43
11:46:41,23.92
11:46:42,23.43
11:46:43,24.41
11:46:44,23.43
11:46:45,23.43
11:46:46,23.43
11:46:47,23.92
11:46:48,25.39
11:46:49,24.41
11:46:50,23.43
11:46:51,25.39
11:46:52,24.41
11:46:53,24.41
11:46:54,24.90
11:46:55,25.39
11:46:56,23.43
11:46:57,23.92
11:46:58,23.43
11:46:59,24.90
11:47:0,23.92
11:47:1,24.41
11:47:2,24.90
11:47:3,24.41
11:47:4,23.92
11:47:5,24.41
11:47:6,24.90
11:47:7,24.41
11:47:8,23.92
11:47:9,24.90
11:47:10,24.41
11:47:11,22.94
11:47:12,23.92
11:47:13,24.90
11:47:14,24.90
11:47:15,23.92
11:47:16,24.41
11:47:17,24.41
11:47:18,23.92
11:47:19,24.41
11:47:20,24.41
11:47:21,23.92
11:47:22,25.39
11:47:23,23.92
11:47:24,24.41
11:47:25,23.43
11:47:26,24.90
11:47:27,23.92
11:47:28,22.46
11:47:29,24.41
11:47:30,22.94
11:47:31,23.92
11:47:32,23.43
11:47:33,24.41
11:47:34,24.90
11:47:35,24.90
11:47:36,24.41
11:47:37,24.90
11:47:38,25.39
11:47:39,22.94
11:47:40,23.43
11:47:41,24.90
11:47:42,24.41
11:47:43,23.43
11:47:44,22.94
11:47:45,23.92
11:47:46,24.41
11:47:47,24.90
11:47:48,23.43
11:47:49,24.90
11:47:50,23.43
11:47:51,23.43
11:47:52,23.92
11:47:53,22.94
11:47:54,23.92
11:47:55,25.39
11:47:56,22.46
11:47:57,24.41
11:47:58,22.94
11:47:59,23.43
11:48:0,23.43
11:48:1,23.92
11:48:2,23.43
11:48:3,22.46
11:48:4,23.92
11:48:5,22.94
11:48:6,23.92
11:48:7,23.43
11:48:8,23.43
11:48:9,24.41
11:48:10,23.92
11:48:11,23.92
11:48:12,23.43
11:48:13,23.92
11:48:14,22.94
11:48:15,22.46
11:48:16,23.92
11:48:17,24.90
11:48:18,24.41
11:48:19,24.41
11:48:20,24.41
11:48:21,24.90
11:48:22,23.92
11:48:23,23.92
11:48:24,23.92
11:48:25,24.90
11:48:26,23.43
11:48:27,23.92
11:48:28,24.90
11:48:29,23.92
11:48:30,23.92
11:48:31,23.92
11:48:32,24.41
11:48:33,22.94
11:48:34,24.41
11:48:35,23.92
11:48:36,22.94
11:48:37,22.94
11:48:38,23.92
11:48:39,23.92
11:48:41,23.92
11:48:42,23.43
11:48:43,22.94
11:48:44,22.94
11:48:45,24.41
11:48:46,24.41
11:48:47,23.43
11:48:48,22.94
11:48:49,23.92
11:48:50,23.92
11:48:51,24.90
11:48:52,23.92
11:48:53,22.94
11:48:54,24.41
11:48:55,23.43
11:48:56,22.94
11:48:57,22.94
11:48:58,24.41
11:48:59,22.46
11:49:0,24.41
11:49:1,24.41
11:49:2,23.43
11:49:3,23.92
11:49:4,22.94
11:49:5,24.41
11:49:6,23.43
11:49:7,24.41
11:49:8,24.41
11:49:9,24.41
11:49:10,24.41
11:49:11,21.97
11:49:12,22.94
11:49:13,22.94
11:49:14,23.92
11:49:15,23.43
11:49:16,22.94
11:49:17,24.41
11:49:18,23.92
11:49:19,23.43
11:49:20,22.94
11:49:21,23.92
11:49:22,23.43
11:49:23,24.90
11:49:24,23.92
11:49:25,23.43
11:49:26,23.92
11:49:27,23.92
11:49:28,24.41
11:49:29,23.43
11:49:30,23.92
11:49:31,23.92
11:49:32,23.43
11:49:33,22.94
11:49:34,23.43
11:49:35,23.92
11:49:36,23.92
11:49:37,23.92
11:49:38,22.94
11:49:39,23.92
11:49:40,23.43
11:49:41,23.92
11:49:42,22.94
11:49:43,22.94
11:49:44,23.92
11:49:45,22.94
11:49:46,22.94
11:49:47,23.92
11:49:48,23.43
11:49:49,23.43
11:49:50,22.46
11:49:51,23.92
11:49:52,22.94
11:49:53,23.92
11:49:54,23.43
11:49:55,23.92
11:49:56,23.92
11:49:57,23.92
11:49:58,23.92
11:49:59,23.43
11:50:0,22.94
11:50:1,22.94
11:50:2,24.41
11:50:3,23.92
11:50:4,23.92
11:50:5,23.92
11:50:6,23.92
11:50:7,23.43
11:50:8,23.43
11:50:9,23.43
11:50:10,23.92
11:50:11,23.43
11:50:12,23.43
11:50:13,22.94
11:50:14,22.94
11:50:15,23.92
11:50:16,23.92
11:50:17,23.43
11:50:18,23.43
11:50:19,23.92
11:50:20,23.43
11:50:21,23.92
11:50:22,24.90
11:50:23,22.94
11:50:24,23.43
11:50:25,22.94
11:50:26,25.39
11:50:27,22.94
11:50:28,23.43
11:50:29,24.90
11:50:30,24.41
11:50:31,23.92
11:50:32,23.92
11:50:33,24.90
11:50:34,24.90
11:50:35,24.41
11:50:36,23.92
11:50:37,23.43
11:50:38,22.94
11:50:39,23.43
11:50:40,23.92
11:50:41,23.43
11:50:42,24.41
11:50:43,23.43
11:50:44,23.43
11:50:45,22.94
11:50:46,22.94
11:50:47,23.92
11:50:48,23.43
11:50:49,22.94
11:50:50,22.94
11:50:51,23.43
11:50:52,24.41
11:50:53,23.92
11:50:54,23.43
11:50:55,23.92
11:50:57,23.43
11:50:58,23.92
11:50:59,23.43
11:51:0,23.92
11:51:1,22.46
11:51:2,23.92
11:51:3,23.43
11:51:4,23.92
11:51:5,23.43
11:51:6,22.94
11:51:7,22.94
11:51:8,22.94
11:51:9,23.92
11:51:10,23.43
11:51:11,24.41
11:51:12,23.92
11:51:13,23.43
11:51:14,21.97
11:51:15,23.92
11:51:16,24.90
11:51:17,23.43
11:51:18,23.92
11:51:19,22.94
11:51:20,24.41
11:51:21,23.43
11:51:22,23.92
11:51:23,24.41
11:51:24,23.92
11:51:25,23.92
11:51:26,23.43
11:51:27,24.41
11:51:28,23.92
11:51:29,23.43
11:51:30,23.92
11:51:31,22.46
11:51:32,23.92
11:51:33,22.94
11:51:34,23.43
11:51:35,22.94
11:51:36,23.92
11:51:37,24.90
11:51:38,23.43
11:51:39,22.94
11:51:40,24.41
11:51:41,24.90
11:51:42,23.92
11:51:43,23.43
11:51:44,24.41
11:51:45,24.41
11:51:46,23.43
11:51:47,23.43
11:51:48,24.90
11:51:49,23.92
11:51:50,24.41
11:51:51,23.43
11:51:52,22.94
11:51:53,22.94
11:51:54,24.41
11:51:55,23.92
11:51:56,22.94
11:51:57,22.94
11:51:58,23.92
11:51:59,22.94
11:52:0,22.94
11:52:1,22.94
11:52:2,23.43
11:52:3,23.92
11:52:4,23.92
11:52:5,22.94
11:52:6,23.92
11:52:7,24.41
11:52:8,21.97
11:52:9,22.94
11:52:10,23.43
11:52:11,23.43
11:52:12,23.43
11:52:13,23.92
11:52:14,24.90
11:52:15,23.92
11:52:16,23.92
11:52:17,23.92
11:52:18,22.94
11:52:19,23.92
11:52:20,22.94
11:52:21,23.43
11:52:22,22.94
11:52:23,23.43
11:52:24,22.46
11:52:25,22.94
11:52:26,23.92
11:52:27,22.94
11:52:28,22.46
11:52:29,23.92
11:52:30,22.94
11:52:31,24.41
11:52:32,23.43
11:52:33,22.94
11:52:34,23.92
11:52:35,23.43
11:52:36,23.43
11:52:37,23.92
11:52:38,22.46
11:52:39,24.41
11:52:40,22.46
11:52:41,23.43
11:52:42,23.92
11:52:43,23.43
11:52:44,23.43
11:52:45,23.43
11:52:46,22.94
11:52:47,22.94
11:52:48,23.92
11:52:49,22.46
11:52:50,22.94
11:52:51,23.43
11:52:52,22.94
11:52:53,22.46
11:52:54,23.43
11:52:55,23.92
11:52:56,23.92
11:52:57,24.41
11:52:58,23.43
11:52:59,22.94
11:53:0,23.43
11:53:1,23.43
11:53:2,23.92
11:53:3,22.94
11:53:4,22.94
11:53:5,23.92
11:53:6,22.94
11:53:7,23.92
11:53:8,23.92
11:53:9,23.92
11:53:11,22.94
11:53:12,23.43
11:53:13,23.92
11:53:14,24.41
11:53:15,23.43
11:53:16,22.94
11:53:17,24.41
11:53:18,24.41
11:53:19,22.46
11:53:20,23.43
11:53:21,23.43
11:53:22,24.90
11:53:23,23.92
11:53:24,23.43
11:53:25,23.43
11:53:26,23.92
11:53:27,22.46
11:53:28,23.92
11:53:29,23.43
11:53:30,23.43
11:53:31,23.92
11:53:32,23.92
11:53:33,23.92
11:53:34,23.92
11:53:35,25.39
11:53:36,23.92
11:53:37,23.92
11:53:38,23.92
11:53:39,22.94
11:53:40,22.94
11:53:41,22.94
11:53:42,23.92
11:53:43,23.92
11:53:44,23.43
11:53:45,23.92
11:53:46,24.41
11:53:47,22.46
11:53:48,23.92
11:53:49,22.46
11:53:50,22.94
11:53:51,22.94
11:53:52,23.92
11:53:53,22.46
11:53:54,23.92
11:53:55,22.94
11:53:56,23.43
11:53:57,23.92
11:53:58,23.92
11:53:59,23.92
11:54:0,22.94
11:54:1,23.43
11:54:2,23.92
11:54:3,22.94
11:54:4,22.46
11:54:5,22.94
11:54:6,23.92
11:54:7,23.92
11:54:8,22.94
11:54:9,23.43
11:54:10,22.94
11:54:11,22.94
11:54:12,22.94
11:54:13,22.46
11:54:14,22.46
11:54:15,23.92
11:54:16,22.94
11:54:17,22.94
11:54:18,23.43
11:54:19,23.92
11:54:20,22.94
11:54:21,23.43
11:54:22,23.92
11:54:23,23.43
11:54:24,22.94
11:54:25,24.41
11:54:26,23.43
11:54:27,23.43
11:54:28,23.92
11:54:29,23.92
11:54:30,23.92
11:54:31,23.92
11:54:32,23.43
11:54:33,22.94
11:54:34,23.43
11:54:35,23.92
11:54:36,22.46
11:54:37,24.41
11:54:38,23.92
11:54:39,23.92
11:54:40,23.92
11:54:41,22.94
11:54:42,22.46
11:54:43,23.43
11:54:44,23.43
11:54:45,23.92
11:54:46,23.92
11:54:47,23.92
11:54:48,23.92
11:54:49,23.43
11:54:50,22.94
11:54:51,22.46
11:54:52,23.92
11:54:53,23.43
11:54:54,23.92
11:54:55,23.92
11:54:56,23.43
11:54:57,22.46
11:54:58,23.92
11:54:59,22.46
11:55:0,23.92
11:55:1,23.43
11:55:2,22.46
11:55:3,24.41
11:55:4,22.94
11:55:5,23.92
11:55:6,23.43
11:55:7,23.43
11:55:8,23.92
11:55:9,23.92
11:55:10,22.46
11:55:11,23.43
11:55:12,22.94
11:55:13,23.92
11:55:14,23.43
11:55:15,22.46
11:55:16,23.43
11:55:17,22.94
11:55:18,22.46
11:55:19,22.46
11:55:20,23.92
11:55:21,22.94
11:55:22,22.94
11:55:23,23.43
11:55:25,23.43
11:55:25,23.92
11:55:27,23.43
11:55:28,23.43
11:55:29,22.94
11:55:30,22.94
11:55:31,24.41
11:55:32,23.43
11:55:33,23.92
11:55:34,22.94
11:55:35,23.43
11:55:36,22.94
11:55:37,24.41
11:55:38,24.41
11:55:39,23.92
11:55:40,23.43
11:55:41,24.90
11:55:42,22.46
11:55:43,24.41
11:55:44,22.94
11:55:45,24.90
11:55:46,22.94
11:55:47,23.43
11:55:48,23.43
11:55:49,23.92
11:55:50,22.46
11:55:51,23.43
11:55:52,23.43
11:55:53,24.41
11:55:54,23.43
11:55:55,23.43
11:55:56,24.41
11:55:57,23.92
11:55:58,23.92
11:55:59,23.43
11:56:0,22.94
11:56:1,23.92
11:56:2,23.92
11:56:3,22.46
11:56:4,22.46
11:56:5,24.41
11:56:6,24.90
11:56:7,22.46
11:56:8,23.43
11:56:9,23.43
11:56:10,23.43
11:56:11,23.92
11:56:12,23.43
11:56:13,23.43
11:56:14,22.94
11:56:15,22.94
11:56:16,22.94
11:56:17,23.92
11:56:18,23.92
11:56:19,22.94
11:56:20,24.41
11:56:21,23.43
11:56:22,23.92
11:56:23,23.43
11:56:24,24.41
11:56:25,23.92
11:56:26,23.43
11:56:27,24.41
11:56:28,23.92
11:56:29,23.43
11:56:30,23.92
11:56:31,24.41
11:56:32,24.41
11:56:33,23.92
11:56:34,24.41
11:56:35,23.43
11:56:36,23.92
11:56:37,24.41
11:56:38,23.92
11:56:39,23.43
11:56:40,23.43
11:56:41,22.94
11:56:42,24.41
11:56:43,23.92
11:56:44,22.94
11:56:45,23.92
11:56:46,24.41
11:56:47,22.46
11:56:48,23.43
11:56:49,22.46
11:56:50,23.92
11:56:51,24.90
11:56:52,23.92
11:56:53,23.92
11:56:54,24.41
11:56:55,22.94
11:56:56,23.43
11:56:57,22.46
11:56:58,22.46
11:56:59,23.43
11:57:0,22.46
11:57:1,23.43
11:57:2,23.92
11:57:3,22.46
11:57:4,23.43
11:57:5,23.43
11:57:6,22.46
11:57:7,23.92
11:57:8,23.43
11:57:9,23.92
11:57:10,23.92
11:57:11,23.43
11:57:12,22.94
11:57:13,24.41
11:57:14,23.92
11:57:15,22.46
11:57:16,23.43
11:57:17,23.92
11:57:18,24.41
11:57:19,23.43
11:57:20,22.94
11:57:21,23.43
11:57:22,23.92
11:57:23,23.43
11:57:24,22.94
11:57:25,22.94
11:57:26,22.94
11:57:27,23.92
11:57:28,23.43
11:57:29,23.43
11:57:30,23.92
11:57:31,24.90
11:57:32,23.92
11:57:33,23.92
11:57:34,23.43
11:57:35,25.39
11:57:36,22.94
11:57:37,21.97
11:57:38,23.43
11:57:39,22.94
11:57:41,24.90
11:57:42,24.90
11:57:43,22.94
11:57:44,23.92
11:57:45,23.92
11:57:46,23.92
11:57:47,22.94
11:57:48,23.43
11:57:49,23.92
11:57:50,22.94
11:57:51,23.92
11:57:52,23.92
11:57:53,24.41
11:57:54,23.92
11:57:55,23.92
11:57:56,22.94
11:57:57,22.94
11:57:58,22.94
11:57:59,24.41
11:58:0,23.92
11:58:1,23.43
11:58:2,23.43
11:58:3,22.46
11:58:4,23.92
11:58:5,22.94
11:58:6,22.46
11:58:7,23.43
11:58:8,24.41
11:58:9,22.94
11:58:10,22.94
11:58:11,23.92
11:58:12,23.92
11:58:13,23.43
11:58:14,23.92
11:58:15,23.92
11:58:16,24.90
11:58:17,23.43
11:58:18,23.92
11:58:19,22.46
11:58:20,24.41
11:58:21,21.97
11:58:22,23.43
11:58:23,23.43
11:58:24,22.46
11:58:25,22.94
11:58:26,23.43
11:58:27,22.94
11:58:28,23.43
11:58:29,23.92
11:58:30,23.92
11:58:31,23.92
11:58:32,22.46
11:58:33,23.43
11:58:34,23.43
11:58:35,22.94
11:58:36,23.43
11:58:37,22.94
11:58:38,22.94
11:58:39,22.94
11:58:40,24.41
11:58:41,23.43
11:58:42,23.92
11:58:43,23.92
11:58:44,23.43
11:58:45,23.43
11:58:46,22.94
11:58:47,22.94
11:58:48,24.41
11:58:49,23.43
11:58:50,23.43
11:58:51,22.46
11:58:52,22.94
11:58:53,22.46
11:58:54,22.94
11:58:55,23.92
11:58:56,23.92
11:58:57,23.43
11:58:58,22.94
11:58:59,23.92
11:59:0,22.94
11:59:1,23.43
11:59:2,24.90
11:59:3,23.92
11:59:4,23.92
11:59:5,22.94
11:59:6,22.94
11:59:7,23.92
11:59:8,23.43
11:59:9,22.94
11:59:10,23.43
11:59:11,23.92
11:59:12,23.92
11:59:13,23.43
11:59:14,23.92
11:59:15,24.90
11:59:16,22.94
11:59:17,24.90
11:59:18,23.92
11:59:19,23.43
11:59:20,22.94
11:59:21,23.92
11:59:22,23.92
11:59:23,23.92
11:59:24,23.92
11:59:25,24.90
11:59:26,24.41
11:59:27,23.43
11:59:28,23.43
11:59:29,22.94
11:59:30,23.92
11:59:31,22.94
11:59:32,23.43
11:59:33,23.92
11:59:34,23.43
11:59:35,25.39
11:59:36,23.92
11:59:37,23.43
11:59:38,24.41
11:59:39,23.92
11:59:40,22.94
11:59:41,23.43
11:59:42,24.41
11:59:43,22.94
11:59:44,23.43
11:59:45,22.46
11:59:46,23.43
11:59:47,23.92
11:59:48,23.43
11:59:49,23.92
11:59:50,23.43
11:59:51,23.92
11:59:52,23.92
11:59:54,22.94
11:59:55,22.94
11:59:56,23.43
11:59:57,23.92
11:59:58,23.43
11:59:59,23.43
12:0:0,22.46
12:0:1,23.43
12:0:2,24.90
12:0:3,24.41
12:0:4,22.94
12:0:5,22.94
12:0:6,23.92
12:0:7,23.92
12:0:8,23.43
12:0:9,23.92
12:0:10,23.43
12:0:11,23.92
12:0:12,24.41
12:0:13,22.94
12:0:14,23.43
12:0:15,23.43
12:0:16,23.43
12:0:17,22.94
12:0:18,22.94
12:0:19,22.94
12:0:20,23.43
12:0:21,22.94
12:0:22,22.94
12:0:23,23.92
12:0:24,24.41
12:0:25,23.92
12:0:26,23.92
12:0:27,23.43
12:0:28,23.43
12:0:29,21.97
12:0:30,23.43
12:0:31,23.43
12:0:32,23.92
12:0:33,23.43
12:0:34,23.92
12:0:35,23.43
12:0:36,24.41
12:0:37,23.43
12:0:38,23.92
12:0:39,23.92
12:0:40,23.43
12:0:41,22.94
12:0:42,23.43
12:0:43,22.94
12:0:44,23.92
12:0:45,22.94
12:0:46,23.43
12:0:47,22.46
12:0:48,23.43
12:0:49,23.43
12:0:50,23.43
12:0:51,24.41
12:0:52,22.94
12:0:53,23.43
12:0:54,23.43
12:0:55,23.43
12:0:56,23.43
12:0:57,22.94
12:0:58,23.43
12:0:59,23.92
12:1:0,24.41
12:1:1,24.41
12:1:2,23.92
12:1:3,22.94
12:1:4,23.43
12:1:5,23.92
12:1:6,23.43
12:1:7,23.92
12:1:8,23.43
12:1:9,22.94
12:1:10,22.46
12:1:11,23.43
12:1:12,24.41
12:1:13,23.43
12:1:14,23.43
12:1:15,24.41
12:1:16,22.94
12:1:17,22.46
12:1:18,22.94
12:1:19,22.94
12:1:20,23.43
12:1:21,23.43
12:1:22,23.43
12:1:23,22.46
12:1:24,22.94
12:1:25,23.43
12:1:26,22.94
12:1:27,22.46
12:1:28,22.94
12:1:29,23.43
12:1:30,22.94
12:1:31,23.43
12:1:32,23.43
12:1:33,23.43
12:1:34,22.94
12:1:35,23.43
12:1:36,22.46
12:1:37,23.43
12:1:38,23.43
12:1:39,23.92
12:1:40,22.94
12:1:41,23.43
12:1:42,23.92
12:1:43,23.43
12:1:44,22.94
12:1:45,22.94
12:1:46,23.43
12:1:47,23.92
12:1:48,23.43
12:1:49,23.43
12:1:50,22.94
12:1:51,23.43
12:1:52,23.92
12:1:53,22.94
12:1:54,22.94
12:1:55,22.94
12:1:57,23.92
12:1:58,23.43
12:1:58,22.46
12:1:59,22.94
12:2:1,22.94
12:2:1,23.43
12:2:5,23.43
12:2:7,23.43
12:2:8,23.92
12:2:8,23.43
12:2:8,23.43
12:2:18,23.43
12:2:18,23.43
12:2:18,23.92
12:2:18,23.43
12:2:18,23.43
12:2:18,23.43
12:2:19,23.43
12:2:19,23.43
12:2:19,22.94
12:2:19,23.92
12:2:22,23.43
12:2:22,23.43
12:2:22,23.43
12:2:22,24.90
12:2:22,23.92
12:2:23,23.43
12:2:24,22.94
12:2:25,22.94
12:2:26,23.43
12:2:27,23.43
12:2:28,23.43
12:2:29,23.43
12:2:30,23.43
12:2:31,23.92
12:2:32,23.92
12:2:33,23.43
12:2:34,23.92
12:2:35,23.43
12:2:36,23.43
12:2:37,23.92
12:2:38,24.90
12:2:39,22.46
12:2:40,23.43
12:2:41,22.94
12:2:42,23.92
12:2:43,23.92
12:2:44,24.41
12:2:45,22.94
12:2:46,23.92
12:2:47,23.43
12:2:48,23.43
12:2:49,22.94
12:2:50,23.43
12:2:51,22.46
12:2:52,23.43
12:2:53,22.94
12:2:54,23.43
12:2:55,22.46
12:2:56,23.43
12:2:57,22.94
12:2:58,22.94
12:2:59,22.94
12:3:0,23.92
12:3:1,23.92
12:3:2,22.94
12:3:3,22.94
12:3:4,23.92
12:3:5,23.43
12:3:6,21.97
12:3:7,23.43
12:3:8,23.43
12:3:9,22.94
12:3:10,23.92
12:3:11,23.43
12:3:12,23.43
12:3:13,22.94
12:3:14,23.43
12:3:15,22.94
12:3:16,23.92
12:3:17,23.43
12:3:18,23.43
12:3:19,22.94
12:3:20,23.43
12:3:21,23.43
12:3:22,23.43
12:3:23,22.94
12:3:24,24.41
12:3:25,24.90
12:3:26,21.97
12:3:27,23.43
12:3:28,23.43
12:3:29,22.94
12:3:30,24.41
12:3:31,23.43
12:3:32,23.43
12:3:33,23.43
12:3:34,23.43
12:3:35,22.94
12:3:36,22.94
12:3:37,22.46
12:3:38,22.46
12:3:39,23.43
12:3:40,23.43
12:3:41,23.43
12:3:42,23.43
12:3:43,22.46
12:3:44,23.43
12:3:45,22.94
12:3:46,23.43
12:3:47,22.94
12:3:48,23.43
12:3:49,22.94
12:3:50,22.46
12:3:51,23.43
12:3:52,22.94
12:3:53,23.92
12:3:54,22.94
12:3:55,23.92
12:3:56,22.94
12:3:57,23.43
12:3:58,22.46
12:3:59,24.41
12:4:0,23.43
12:4:1,22.94
12:4:2,22.94
12:4:3,24.41
12:4:4,22.46
12:4:5,22.94
12:4:6,23.43
12:4:7,23.43
12:4:8,23.92
12:4:9,22.94
12:4:10,22.94
12:4:11,23.43
12:4:12,23.92
12:4:13,23.43
12:4:14,22.94
12:4:15,22.94
12:4:16,22.46
12:4:17,22.94
12:4:18,22.94
12:4:19,22.94
12:4:20,23.43
12:4:21,22.94
12:4:22,23.43
12:4:24,23.43
12:4:25,22.94
12:4:26,23.43
12:4:27,23.43
12:4:28,21.97
12:4:29,22.94
12:4:30,22.94
12:4:31,23.43
12:4:32,22.46
12:4:33,22.94
12:4:34,22.46
12:4:35,23.43
12:4:36,23.43
12:4:37,22.94
12:4:38,22.46
12:4:39,22.94
12:4:40,22.94
12:4:41,22.46
12:4:42,22.46
12:4:43,22.94
12:4:44,23.43
12:4:45,22.94
12:4:46,22.94
12:4:47,21.97
12:4:48,22.94
12:4:49,23.43
12:4:50,23.43
12:4:51,24.41
12:4:52,23.92
12:4:53,23.92
12:4:54,22.94
12:4:55,23.43
12:4:56,24.41
12:4:57,23.92
12:4:58,22.94
12:4:59,23.43
12:5:0,23.43
12:5:1,22.94
12:5:2,24.41
12:5:3,22.46
12:5:4,22.94
12:5:5,23.43
12:5:6,22.94
12:5:7,23.43
12:5:8,22.94
12:5:9,23.43
12:5:10,22.94
12:5:11,23.43
12:5:12,23.43
12:5:13,22.46
12:5:14,22.94
12:5:15,22.94
12:5:16,22.46
12:5:17,22.46
12:5:18,22.94
12:5:19,22.94
12:5:20,23.92
12:5:21,23.43
12:5:22,22.94
12:5:23,22.94
12:5:24,22.94
12:5:25,23.43
12:5:26,23.92
12:5:27,22.94
12:5:28,23.43
12:5:29,23.92
12:5:30,23.43
12:5:31,23.43
12:5:32,23.92
12:5:33,22.94
12:5:34,22.94
12:5:35,24.41
12:5:36,23.43
12:5:37,23.43
12:5:38,23.43
12:5:39,23.43
12:5:40,23.43
12:5:41,23.43
12:5:42,24.41
12:5:43,21.97
12:5:44,23.43
12:5:45,22.94
12:5:46,23.43
12:5:47,22.94
12:5:48,23.92
12:5:49,22.46
12:5:50,22.46
12:5:51,22.94
12:5:52,22.46
12:5:53,22.94
12:5:54,22.94
12:5:55,22.94
12:5:56,22.46
12:5:57,22.46
12:5:58,22.94
12:5:59,24.41
12:6:0,22.94
12:6:1,22.94
12:6:2,22.94
12:6:3,22.94
12:6:4,23.92
12:6:5,23.43
12:6:6,22.94
12:6:7,22.94
12:6:8,23.43
12:6:9,24.41
12:6:10,23.43
12:6:11,23.43
12:6:12,23.92
12:6:13,22.46
12:6:14,22.94
12:6:15,22.94
12:6:16,22.94
12:6:17,23.43
12:6:18,22.94
12:6:19,22.94
12:6:20,22.46
12:6:21,23.43
12:6:22,23.43
12:6:23,22.46
12:6:24,22.94
12:6:25,22.94
12:6:26,22.94
12:6:27,23.43
12:6:28,23.43
12:6:29,22.46
12:6:30,23.43
12:6:31,22.94
12:6:32,23.43
12:6:33,22.46
12:6:34,23.92
12:6:35,22.46
12:6:36,22.94
12:6:37,22.94
12:6:39,23.43
12:6:40,23.43
12:6:41,22.94
12:6:42,22.46
12:6:43,23.92
12:6:44,24.41
12:6:45,23.92
12:6:46,23.43
12:6:47,23.43
12:6:48,22.94
12:6:49,23.43
12:6:50,22.94
12:6:51,22.94
12:6:52,23.43
12:6:53,22.46
12:6:54,21.97
12:6:55,22.94
12:6:56,22.46
12:6:57,22.94
12:6:58,22.46
12:6:59,22.46
12:7:0,22.94
12:7:1,22.94
12:7:2,22.94
12:7:3,23.43
12:7:4,23.43
12:7:5,23.43
12:7:6,22.94
12:7:7,22.94
12:7:8,22.94
12:7:9,22.94
12:7:10,22.94
12:7:11,22.94
12:7:12,22.46
12:7:13,22.94
12:7:14,22.94
12:7:15,22.94
12:7:16,23.43
12:7:17,22.94
12:7:18,23.43
12:7:19,24.41
12:7:20,23.43
12:7:21,22.46
12:7:22,23.43
12:7:23,22.46
12:7:24,22.46
12:7:25,22.94
12:7:26,22.46
12:7:27,22.46
12:7:28,23.43
12:7:29,22.94
12:7:30,23.43
12:7:31,22.46
12:7:32,22.46
12:7:33,23.43
12:7:34,23.43
12:7:35,22.94
12:7:36,22.94
12:7:37,23.43
12:7:38,23.43
12:7:39,23.43
12:7:40,23.43
12:7:41,22.94
12:7:42,23.92
12:7:43,21.97
12:7:44,22.94
12:7:45,22.94
12:7:46,22.94
12:7:47,22.46
12:7:48,23.43
12:7:49,23.92
12:7:50,22.94
12:7:51,22.94
12:7:52,23.43
12:7:53,23.92
12:7:54,22.94
12:7:55,23.43
12:7:56,22.94
12:7:57,23.43
12:7:58,22.94
12:7:59,23.43
12:8:0,23.43
12:8:1,22.94
12:8:2,22.46
12:8:3,22.94
12:8:4,22.94
12:8:5,22.46
12:8:6,22.46
12:8:7,22.46
12:8:8,22.46
12:8:9,23.43
12:8:10,23.43
12:8:11,22.94
12:8:12,22.94
12:8:13,24.41
12:8:14,23.43
12:8:15,23.43
12:8:16,22.94
12:8:17,21.97
12:8:18,23.43
12:8:19,22.94
12:8:20,23.43
12:8:21,22.94
12:8:22,23.92
12:8:23,23.43
12:8:24,22.46
12:8:25,22.46
12:8:26,24.41
12:8:27,23.43
12:8:28,23.43
12:8:29,23.43
12:8:30,23.43
12:8:31,23.43
12:8:32,22.94
12:8:33,23.43
12:8:34,23.43
12:8:35,22.94
12:8:36,22.46
12:8:37,23.43
12:8:38,22.94
12:8:39,23.43
12:8:40,22.94
12:8:41,22.94
12:8:42,22.46
12:8:43,22.94
12:8:44,22.94
12:8:45,22.94
12:8:46,22.94
12:8:47,22.94
12:8:48,22.94
12:8:49,23.43
12:8:50,22.94
12:8:52,23.43
12:8:53,22.46
12:8:54,22.46
12:8:55,23.43
12:8:56,21.97
12:8:57,23.92
12:8:58,22.46
12:8:59,23.92
12:9:0,22.46
12:9:1,22.46
12:9:2,23.43
12:9:3,23.43
12:9:4,22.94
12:9:5,23.92
12:9:6,22.46
12:9:7,23.43
12:9:8,23.43
12:9:9,22.46
12:9:10,22.94
12:9:11,22.46
12:9:12,22.46
12:9:13,22.94
12:9:14,23.43
12:9:15,22.46
12:9:16,22.94
12:9:17,21.97
12:9:18,22.46
12:9:19,22.94
12:9:20,22.94
12:9:21,21.97
12:9:22,22.94
12:9:23,22.94
12:9:24,22.46
12:9:25,24.90
12:9:26,22.94
12:9:27,23.43
12:9:28,22.46
12:9:29,22.46
12:9:30,22.94
12:9:31,23.43
12:9:32,22.94
12:9:33,22.46
12:9:34,23.43
12:9:35,22.46
12:9:36,22.46
12:9:37,21.97
12:9:38,22.94
12:9:39,22.46
12:9:40,22.94
12:9:41,22.94
12:9:42,22.94
12:9:43,23.92
12:9:44,24.41
12:9:45,22.94
12:9:46,22.46
12:9:47,22.94
12:9:48,22.94
12:9:49,22.94
12:9:50,22.94
12:9:51,21.97
12:9:52,22.94
12:9:53,22.94
12:9:54,23.43
12:9:55,22.46
12:9:56,24.41
12:9:57,22.46
12:9:58,23.43
12:9:59,23.43
12:10:0,22.94
12:10:1,22.94
12:10:2,23.43
12:10:3,22.46
12:10:4,22.46
12:10:5,23.43
12:10:6,22.46
12:10:7,22.94
12:10:8,22.94
12:10:9,22.94
12:10:10,21.97
12:10:11,22.94
12:10:12,21.97
12:10:13,22.94
12:10:14,23.43
12:10:15,21.97
12:10:16,23.43
12:10:17,23.43
12:10:18,23.43
12:10:19,22.94
12:10:20,23.43
12:10:21,22.94
12:10:22,22.94
12:10:23,22.94
12:10:24,23.43
12:10:25,23.43
12:10:26,23.43
12:10:27,23.92
12:10:28,22.46
12:10:29,23.43
12:10:30,23.43
12:10:31,22.94
12:10:32,22.46
12:10:33,22.46
12:10:34,22.46
12:10:35,22.46
12:10:36,22.46
12:10:37,22.46
12:10:38,22.46
12:10:39,21.97
12:10:40,23.43
12:10:41,22.46
12:10:42,21.97
12:10:43,22.94
12:10:44,21.48
12:10:45,22.94
12:10:46,22.94
12:10:47,22.94
12:10:48,22.94
12:10:49,23.43
12:10:50,21.97
12:10:51,22.94
12:10:52,23.43
12:10:53,22.46
12:10:54,21.97
12:10:55,22.94
12:10:56,22.94
12:10:57,22.46
12:10:58,22.94
12:10:59,22.94
12:11:0,22.94
12:11:1,22.46
12:11:2,22.46
12:11:3,22.94
12:11:4,22.46
12:11:5,22.94
12:11:7,22.94
12:11:8,22.94
12:11:9,22.94
12:11:10,22.94
12:11:11,22.46
12:11:12,23.43
12:11:13,22.46
12:11:14,22.46
12:11:15,23.43
12:11:16,22.94
12:11:17,22.94
12:11:18,21.97
12:11:19,22.94
12:11:20,22.94
12:11:21,21.97
12:11:22,22.46
12:11:23,23.43
12:11:24,22.46
12:11:25,22.46
12:11:26,22.46
12:11:27,22.94
12:11:28,22.46
12:11:29,22.94
12:11:30,23.92
12:11:31,22.94
12:11:32,22.46
12:11:33,22.46
12:11:34,22.94
12:11:35,21.97
12:11:36,21.97
12:11:37,22.94
12:11:38,22.94
12:11:39,23.43
12:11:40,23.43
12:11:41,22.46
12:11:42,22.94
12:11:43,22.94
12:11:44,22.46
12:11:45,22.46
12:11:46,23.43
12:11:47,21.48
12:11:48,22.46
12:11:49,22.94
12:11:50,22.46
12:11:51,22.46
12:11:52,22.94
12:11:53,22.46
12:11:54,22.94
12:11:55,22.46
12:11:56,22.94
12:11:57,22.46
12:11:58,21.97
12:11:59,21.97
12:12:0,22.94
12:12:1,22.94
12:12:2,22.94
12:12:3,22.46
12:12:4,22.46
12:12:5,23.43
12:12:6,22.94
12:12:7,22.46
12:12:8,21.97
12:12:9,22.94
12:12:10,22.94
12:12:11,22.46
12:12:12,22.46
12:12:13,22.46
12:12:14,22.46
12:12:15,22.94
12:12:16,22.94
12:12:17,21.97
12:12:18,22.46
12:12:19,22.94
12:12:20,22.46
12:12:21,22.94
12:12:22,23.43
12:12:23,22.94
12:12:24,21.97
12:12:25,22.94
12:12:26,22.94
12:12:27,22.94
12:12:28,22.94
12:12:29,23.43
12:12:30,22.94
12:12:31,21.97
12:12:32,23.43
12:12:33,22.94
12:12:34,22.94
12:12:35,22.46
12:12:36,23.43
12:12:37,22.46
12:12:38,22.94
12:12:39,22.46
12:12:40,23.92
12:12:41,22.46
12:12:42,22.94
12:12:43,22.94
12:12:44,21.97
12:12:45,22.94
12:12:46,22.94
12:12:47,22.46
12:12:48,22.46
12:12:49,22.94
12:12:50,22.94
12:12:51,23.92
12:12:52,22.46
12:12:53,22.46
12:12:54,22.46
12:12:55,22.46
12:12:56,22.46
12:12:57,22.46
12:12:58,22.46
12:12:59,21.97
12:13:0,21.97
12:13:1,22.94
12:13:2,22.94
12:13:3,21.97
12:13:4,22.46
12:13:5,22.94
12:13:6,22.94
12:13:7,23.92
12:13:8,22.94
12:13:9,21.97
12:13:10,22.94
12:13:11,21.97
12:13:12,21.97
12:13:13,22.94
12:13:14,22.94
12:13:16,22.46
12:13:16,23.92
12:13:17,22.46
12:13:18,22.46
12:13:19,21.97
12:13:21,22.46
12:13:22,22.46
12:13:23,22.94
12:13:24,22.46
12:13:25,23.43
12:13:26,22.94
12:13:27,22.94
12:13:28,22.46
12:13:29,22.94
12:13:30,21.97
12:13:31,21.97
12:13:32,22.46
12:13:33,23.43
12:13:34,22.94
12:13:35,23.43
12:13:36,23.92
12:13:37,22.46
12:13:38,22.46
12:13:39,21.48
12:13:40,22.46
12:13:41,22.46
12:13:42,23.43
12:13:43,22.46
12:13:44,21.97
12:13:45,22.94
12:13:46,22.46
12:13:47,21.97
12:13:48,21.97
12:13:49,22.94
12:13:50,22.94
12:13:51,22.94
12:13:52,21.97
12:13:53,22.46
12:13:54,22.46
12:13:55,22.94
12:13:56,23.43
12:13:57,21.97
12:13:58,21.97
12:13:59,22.94
12:14:0,21.97
12:14:1,20.99
12:14:2,22.46
12:14:3,21.97
12:14:4,21.97
12:14:5,23.43
12:14:6,22.46
12:14:7,22.94
12:14:8,22.46
12:14:9,22.46
12:14:10,22.46
12:14:11,22.94
12:14:12,22.46
12:14:13,22.46
12:14:14,22.94
12:14:15,22.94
12:14:16,21.97
12:14:17,21.48
12:14:18,22.94
12:14:19,22.94
12:14:20,22.46
12:14:21,23.43
12:14:22,22.94
12:14:23,23.43
12:14:24,22.46
12:14:25,22.46
12:14:26,22.46
12:14:27,22.46
12:14:28,22.94
12:14:29,22.46
12:14:30,22.94
12:14:31,22.94
12:14:32,22.46
12:14:33,22.94
12:14:34,22.94
12:14:35,22.46
12:14:36,23.43
12:14:37,21.97
12:14:38,23.43
12:14:39,22.94
12:14:40,22.94
12:14:41,21.97
12:14:42,23.92
12:14:43,23.43
12:14:44,22.46
12:14:45,22.94
12:14:46,21.97
12:14:47,22.94
12:14:48,21.97
12:14:49,22.46
12:14:50,22.46
12:14:51,21.97
12:14:52,22.46
12:14:53,22.46
12:14:54,22.94
12:14:55,23.43
12:14:56,22.94
12:14:57,21.97
12:14:58,23.43
12:14:59,22.46
12:15:0,22.94
12:15:1,21.97
12:15:2,23.92
12:15:3,23.43
12:15:4,21.97
12:15:5,21.97
12:15:6,22.94
12:15:7,21.97
12:15:8,22.94
12:15:9,22.94
12:15:10,23.43
12:15:11,22.46
12:15:12,22.46
12:15:13,22.46
12:15:14,22.46
12:15:16,22.94
12:15:16,22.94
12:15:17,22.94
12:15:18,22.46
12:15:19,22.46
12:15:20,22.94
12:15:21,23.92
12:15:22,22.94
12:15:23,21.97
12:15:24,22.46
12:15:26,20.99
12:15:26,21.97
12:15:27,21.97
12:15:28,22.46
12:15:29,23.92
12:15:30,22.94
12:15:32,22.46
12:15:33,22.46
12:15:34,22.46
12:15:35,21.97
12:15:36,23.43
12:15:37,22.46
12:15:38,22.46
12:15:39,23.43
12:15:40,21.97
12:15:41,22.46
12:15:42,22.94
12:15:44,23.43
12:15:44,22.94
12:15:45,22.94
12:15:46,22.46
12:15:47,22.46
12:15:48,23.43
12:15:49,22.94
12:15:50,22.94
12:15:51,22.46
12:15:52,23.92
12:15:53,21.48
12:15:54,23.43
12:15:56,23.43
12:15:56,21.97
12:15:57,22.46
12:15:58,22.94
12:15:59,23.43
12:16:0,22.46
12:16:1,22.46
12:16:2,22.46
12:16:3,22.94
12:16:4,21.97
12:16:5,21.97
12:16:6,22.94
12:16:7,22.94
12:16:8,21.97
12:16:9,22.94
12:16:10,22.94
12:16:11,22.94
12:16:12,22.46
12:16:13,22.46
12:16:14,22.46
12:16:15,22.46
12:16:16,22.94
12:16:17,22.46
12:16:18,21.97
12:16:19,22.46
12:16:20,21.97
12:16:21,22.46
12:16:22,22.46
12:16:23,22.46
12:16:24,23.43
12:16:25,22.94
12:16:26,23.43
12:16:27,21.97
12:16:28,21.97
12:16:29,22.46
12:16:30,22.94
12:16:31,23.43
12:16:32,23.43
12:16:33,22.94
12:16:34,22.94
12:16:35,22.46
12:16:36,22.94
12:16:37,22.46
12:16:38,22.94
12:16:39,22.46
12:16:40,22.94
12:16:41,22.46
12:16:42,22.94
12:16:43,22.46
12:16:44,22.46
12:16:45,22.94
12:16:46,21.97
12:16:47,21.48
12:16:48,21.97
12:16:49,22.94
12:16:50,22.46
12:16:51,22.94
12:16:52,23.43
12:16:53,22.94
12:16:54,22.46
12:16:55,22.46
12:16:56,22.46
12:16:57,22.46
12:16:58,21.97
12:16:59,22.94
12:17:0,22.46
12:17:1,21.97
12:17:2,22.46
12:17:4,22.46
12:17:4,22.46
12:17:5,21.97
12:17:6,22.46
12:17:7,23.43
12:17:8,22.94
12:17:9,22.46
12:17:10,22.94
12:17:11,22.46
12:17:12,23.92
12:17:13,23.92
12:17:14,23.43
12:17:15,22.46
12:17:16,22.46
12:17:17,22.46
12:17:18,22.94
12:17:19,21.48
12:17:20,22.94
12:17:21,22.46
12:17:22,22.46
12:17:23,21.97
12:17:24,22.94
12:17:26,21.97
12:17:26,22.46
12:17:28,21.97
12:17:29,22.94
12:17:29,21.48
12:17:30,21.97
12:17:31,22.46
12:17:32,22.94
12:17:33,22.46
12:17:34,21.97
12:17:35,21.97
12:17:36,22.94
12:17:37,22.46
12:17:38,22.94
12:17:39,22.94
12:17:40,22.46
12:17:41,22.46
12:17:42,21.97
12:17:43,22.46
12:17:44,21.97
12:17:45,21.97
12:17:46,22.94
12:17:47,21.97
12:17:48,23.43
12:17:50,21.97
12:17:51,23.43
12:17:52,23.43
12:17:53,21.97
12:17:54,22.46
12:17:55,23.43
12:17:56,23.43
12:17:57,21.97
12:17:58,21.97
12:17:59,22.94
12:18:0,23.43
12:18:1,22.46
12:18:2,23.43
12:18:3,21.97
12:18:4,22.46
12:18:5,21.48
12:18:6,22.46
12:18:7,22.94
12:18:8,23.43
12:18:9,22.94
12:18:10,22.94
12:18:11,23.43
12:18:12,22.94
12:18:13,23.43
12:18:14,21.97
12:18:15,22.46
12:18:16,21.97
12:18:17,22.94
12:18:18,21.48
12:18:19,21.48
12:18:20,22.46
12:18:21,21.97
12:18:22,23.43
12:18:23,23.92
12:18:24,22.94
12:18:25,21.97
12:18:26,23.43
12:18:27,23.43
12:18:28,21.48
12:18:29,21.48
12:18:30,22.94
12:18:31,21.97
12:18:32,22.94
12:18:33,22.94
12:18:34,22.94
12:18:35,21.97
12:18:36,22.94
12:18:37,22.94
12:18:38,23.43
12:18:39,22.46
12:18:40,23.43
12:18:41,22.94
12:18:42,23.43
12:18:43,22.46
12:18:44,22.94
12:18:45,22.46
12:18:46,21.48
12:18:47,21.97
12:18:48,23.43
12:18:49,22.94
12:18:50,22.94
12:18:51,22.46
12:18:52,22.94
12:18:53,22.94
12:18:54,21.48
12:18:55,22.94
12:18:56,22.94
12:18:57,23.92
12:18:58,21.97
12:18:59,21.97
12:19:0,22.46
12:19:1,23.43
12:19:2,22.46
12:19:3,22.94
12:19:4,22.94
12:19:5,23.43
12:19:6,23.43
12:19:7,22.46
12:19:8,21.97
12:19:9,22.94
12:19:10,23.43
12:19:11,21.48
12:19:12,22.46
12:19:13,23.43
12:19:14,22.46
12:19:15,22.46
12:19:16,22.46
12:19:17,22.94
12:19:18,22.94
12:19:19,21.48
12:19:20,22.94
12:19:21,21.97
12:19:22,21.97
12:19:23,21.97
12:19:24,22.94
12:19:25,22.46
12:19:26,23.43
12:19:27,22.46
12:19:28,22.94
12:19:29,21.48
12:19:30,22.94
12:19:31,22.46
12:19:32,22.46
12:19:33,21.97
12:19:34,22.94
12:19:35,21.48
12:19:36,22.94
12:19:37,21.48
12:19:38,22.94
12:19:39,22.46
12:19:40,21.97
12:19:41,21.97
12:19:42,21.97
12:19:43,21.97
12:19:44,21.48
12:19:45,23.43
12:19:46,22.46
12:19:47,22.46
12:19:48,22.46
12:19:49,22.94
12:19:50,22.46
12:19:51,22.94
12:19:52,22.94
12:19:53,21.97
12:19:54,22.94
12:19:55,21.48
12:19:56,22.94
12:19:57,22.46
12:19:58,22.46
12:19:59,22.46
12:20:0,22.94
12:20:1,22.46
12:20:2,23.43
12:20:3,23.43
12:20:5,22.46
12:20:6,22.94
12:20:7,23.43
12:20:8,23.43
12:20:9,22.46
12:20:10,22.46
12:20:11,23.43
12:20:12,22.46
12:20:13,23.43
12:20:14,22.46
12:20:15,23.43
12:20:16,22.94
12:20:17,21.97
12:20:18,22.94
12:20:19,22.46
12:20:20,22.46
12:20:21,23.43
12:20:22,22.94
12:20:23,23.43
12:20:24,22.94
12:20:25,23.43
12:20:26,24.41
12:20:27,22.94
12:20:28,24.41
